0.0
0.0
0.0
0.0
0.0
0.0
0.0
0.0
0.0
0.0
0.0
0.0
0.0
0.0
0.0
0.0
0.0
0.0
0.0
0.0
0.0
0.0
0.0
0.0
0.0
0.0
0.0
0.0
0.0
0.0
0.0
0.0
0.0
0.0
0.0
0.0
0.979931012857
0.0
0.0
0.0
0.0
0.0
0.0
0.0
0.0
0.0398061807586
0.0
0.281472298309
0.0
0.587141166189
0.0
0.0914784509212
0.0
0.0
0.103068274414
0.0
0.30974111294
0.0
0.386506029053
0.0
0.20042072881
0.0
0.0
0.0
0.0
0.0
0.0
0.0
0.0
0.0
0.0
0.0
0.0
0.0
0.0
0.0
0.0
0.0
0.0
0.0
0.0
0.131498685068
0.0
0.401689396055
0.0
0.399756002608
0.0
0.0669481925457
0.0
0.0
0.0543947580853
0.0
0.217956404829
0.0
0.689000269081
0.0
0.0384629005641
0.0
0.0
0.0
0.0
0.0
0.0
0.0
0.0
0.0
0.0
0.0
0.0
0.0
0.0
0.0
0.0
0.0
0.0
0.0
0.0
0.0
0.0
0.0
0.0
0.0
0.0
0.0
0.0
0.0
0.0
0.0
0.0
0.0
0.0
0.0
0.0
0.0
0.0
0.0
0.0
0.0
0.0
0.0
0.0
0.0
0.0
0.0
