0.0
0.0
0.0
0.0
0.0
0.0
0.0
0.0
0.0
0.0
0.0
0.0
0.0
0.0
0.0
0.0
0.0
0.0
0.0
0.0
0.0
0.0
0.0
0.0
0.0
0.0
0.0
0.0
0.0
0.0
0.0
0.0
0.0
0.0
0.0
0.0
0.300633249409
0.0
0.127547879818
0.0
0.571203173878
0.0
0.0
0.0
0.0
0.00925429107745
0.0
0.320644960888
0.0
0.57839319234
0.0
0.0916127917537
0.0
0.0
0.178788650057
0.0
0.288966042006
0.0
0.459742243003
0.0
0.0722415226804
0.0
0.0
0.0
0.0
0.0
0.0
0.0
0.0
0.0
0.0
0.0
0.31069889353
0.0
0.274621618083
0.0
0.194186808457
0.0
0.219697290763
0.0
0.0
0.0772003229979
0.0
0.265146003861
0.0
0.63414551034
0.0
0.0233952297572
0.0
0.0
0.0
0.0
0.0208776491641
0.0
0.811950015351
0.0
0.167021165155
0.0
0.0
0.377276468825
0.0
0.213419795938
0.0
0.30182117506
0.0
0.106709897969
0.0
0.0
0.0
0.0
0.0
0.0
0.0
0.0
0.0
0.0
0.0
0.0
0.0
0.0
0.0
0.0
0.0
0.0
0.0
0.0
0.0
0.0
0.0
0.0
0.0
0.0
0.0
0.0
0.0
0.0
0.0
0.0
0.0
0.0
0.0
0.0
0.0
0.0
