0.0
0.0
0.0
0.0
0.0
0.0
0.0
0.0
0.0
0.0
0.0
0.0
0.0
0.0
0.0
0.0
0.0
0.0
0.0
0.0
0.0
0.0
0.0
0.0
0.0
0.0
0.0
0.0
0.0
0.0
0.0
0.0
0.0
0.0
0.0
0.0
0.363058962825
0.0
0.17114763346
0.0
0.121019654275
0.0
0.34229526692
0.0
0.0
0.00669002284823
0.0
0.132455671621
0.0
0.822872810332
0.0
0.0378444835305
0.0
0.0
0.127252601426
0.0
0.419912371407
0.0
0.355246845646
0.0
0.097479592635
0.0
0.0
0.0
0.0
0.0
0.0
0.0
0.0
0.0
0.0
0.0
0.0
0.0
0.0
0.0
0.0
0.0
0.0
0.0
0.0
0.0780427163063
0.0
0.48439789959
0.0
0.394549287993
0.0
0.042921300843
0.0
0.0
0.0133853165231
0.0
0.33126975937
0.0
0.588953927016
0.0
0.0662539314496
0.0
0.0
0.0
0.0
0.0
0.0
0.0
0.0
0.0
0.0
0.0
0.0
0.0
0.0
0.0
0.0
0.0
0.0
0.0
0.0
0.0
0.0
0.0
0.0
0.0
0.0
0.0
0.0
0.0
0.0
0.0
0.0
0.0
0.0
0.0
0.0
0.0
0.0
0.0
0.0
0.0
0.0
0.0
0.0
0.0
0.0
0.0
