0.0
0.0
0.0
0.0
0.0
0.0
0.0
0.0
0.0
0.0
0.0
0.0
0.0
0.0
0.0
0.0
0.0
0.0
0.0
0.0
0.0
0.0
0.0
0.0
0.0
0.0
0.0
0.0
0.0
0.0
0.0
0.0
0.0
0.0
0.0
0.0
0.21289357747
0.0
0.401435972597
0.0
0.283858103294
0.0
0.100358993149
0.0
0.0
0.355935479395
0.0
0.481483082579
0.0
0.0309509112517
0.0
0.131313589443
0.0
0.0
0.0
0.0
0.387447262859
0.0
0.602726288153
0.0
0.00968617814224
0.0
0.0
0.297066371149
0.0
0.157543215199
0.0
0.247555309291
0.0
0.297581607724
0.0
0.0
0.367470489051
0.0
0.0207872696198
0.0
0.0293976391241
0.0
0.58204357038
0.0
0.0
0.0387226357457
0.0
0.117347285959
0.0
0.437012603416
0.0
0.406804183511
0.0
0.0
0.285945226264
0.0
0.303290653647
0.0
0.107229459849
0.0
0.303290653647
0.0
0.0
0.0
0.0
0.0
0.0
0.0
0.0
0.0
0.0
0.0
0.0
0.0
0.0
0.0
0.0
0.0
0.0
0.0
0.0
0.0
0.0
0.0
0.0
0.0
0.0
0.0
0.0
0.0
0.0
0.0
0.0
0.0
0.0
0.0
0.0
0.0
0.0
0.0
0.0
0.0
0.0
0.0
0.0
0.0
0.0
0.0
