0.0
0.0
0.0
0.0
0.0
0.0
0.0
0.0
0.0
0.0
0.0
0.0
0.0
0.0
0.0
0.0
0.0
0.0
0.0
0.0
0.180415053273
0.0
0.637863548905
0.0
0.180415053273
0.0
0.0
0.0
0.0
0.0
0.0
0.0
0.0
0.0
0.0
0.0
0.0
0.0
0.0
0.0
0.0
0.0
0.0
0.0
0.0
0.277457602852
0.0
0.0336329389025
0.0
0.150619841548
0.0
0.538127264364
0.0
0.0
0.407628019019
0.0
0.434572190503
0.0
0.0689832032186
0.0
0.0886881530775
0.0
0.0
0.0
0.0
0.0
0.0
0.0
0.0
0.0
0.0
0.0
0.0
0.0
0.0
0.0
0.0
0.0
0.0
0.0
0.0
0.453540143235
0.0
0.473651358275
0.0
0.0627978659863
0.0
0.00986773247178
0.0
0.0
0.483794537273
0.0
0.0102117729001
0.0
0.0361040699457
0.0
0.469741737611
0.0
0.0
0.0
0.0
0.0
0.0
0.0
0.0
0.0
0.0
0.0
0.0
0.0
0.0
0.0
0.0
0.0
0.0
0.0
0.0
0.0
0.0
0.0
0.0
0.0
0.0
0.0
0.0
0.0
0.0
0.0
0.0
0.0
0.0
0.0
0.0
0.0
0.0
0.0
0.0
0.0
0.0
0.0
0.0
0.0
0.0
0.0
