0.0
0.0
0.0
0.0
0.997729610841
0.0
0.0
0.0
0.0
0.361156065652
0.0
0.227000798861
0.0
0.240770710434
0.0
0.170250594362
0.0
0.0
0.0670242425737
0.0
0.28435976571
0.0
0.268096970295
0.0
0.379146364933
0.0
0.0
0.0
0.0
0.0
0.0
0.0
0.0
0.0
0.0
0.0
0.242938893434
0.0
0.274853954466
0.0
0.412996118838
0.0
0.0687134944085
0.0
0.0
0.614808205625
0.0
0.107462581119
0.0
0.0138159147331
0.0
0.263771823557
0.0
0.0
0.199576113816
0.0
0.701056268304
0.0
0.090131148175
0.0
0.00910462071142
0.0
0.0
0.0
0.0
0.0
0.0
0.0
0.0
0.0
0.0
0.0
0.331090004446
0.0
0.526760908201
0.0
0.0827725011116
0.0
0.0585289958301
0.0
0.0
0.389442233031
0.0
0.474586636167
0.0
0.0538590322277
0.0
0.0820272498827
0.0
0.0
0.0
0.0
0.985725174433
0.0
0.0
0.0
0.0
0.0
0.0
0.0
0.0
0.0
0.0
0.0
0.0
0.0
0.0
0.0
0.0
0.0
0.0
0.0
0.678049836916
0.0
0.319635752974
0.0
0.0
0.18599667119
0.0
0.131519505226
0.0
0.418492510177
0.0
0.263039010451
0.0
0.0
0.0
0.0
0.0
0.0
0.0
0.0
0.0
0.0
0.0
0.0
0.0
0.0
0.0
0.0
0.0
0.0
0.0
0.0
