0.0
0.0
0.0
0.0
0.0
0.0
0.0
0.0
0.0
0.4930728606
0.0
0.116218382529
0.0
0.273929367
0.0
0.116218382529
0.0
0.0
0.0
0.0
0.0
0.0
0.0
0.0
0.0
0.0
0.0
0.0
0.0
0.0
0.0
0.0
0.0
0.0
0.0
0.0
0.0
0.0
0.0
0.0
0.0
0.0
0.0
0.0
0.0
0.552619787458
0.0
0.0744306970482
0.0
0.0657880699354
0.0
0.307026711592
0.0
0.0
0.168489346004
0.0
0.516273320298
0.0
0.262094538229
0.0
0.0529510920348
0.0
0.0
0.0
0.0
0.0
0.0
0.0
0.0
0.0
0.0
0.0
0.0
0.0
0.0
0.0
0.0
0.0
0.0
0.0
0.0
0.329229788217
0.0
0.483509203049
0.0
0.0886387891353
0.0
0.0984925537137
0.0
0.0
0.404715450066
0.0
0.099539829625
0.0
0.0351926478318
0.0
0.46037188612
0.0
0.0
0.0
0.0
0.0
0.0
0.0
0.0
0.0
0.0
0.0
0.0
0.0
0.0
0.0
0.0
0.0
0.0
0.0
0.0
0.327806932105
0.0
0.0927178002576
0.0
0.393368318526
0.0
0.185435600515
0.0
0.0
0.280645021274
0.0
0.0496114985632
0.0
0.420967531911
0.0
0.248057496998
0.0
0.0
0.0
0.0
0.0
0.0
0.0
0.0
0.0
0.0
0.0
