0.0
0.0
0.0
0.0
0.0
0.0
0.0
0.0
0.0
0.0
0.0
0.0
0.0
0.0
0.0
0.0
0.0
0.0
0.0
0.0
0.0
0.0
0.0
0.0
0.0
0.0
0.0
0.0
0.0
0.0
0.0
0.0
0.0
0.0
0.0
0.0
0.0
0.0
0.0
0.0
0.0
0.0
0.0
0.0
0.0
0.0887420560384
0.0
0.277893376301
0.0
0.570484645961
0.0
0.0627501047491
0.0
0.0
0.173832796921
0.0
0.351195402596
0.0
0.42216536395
0.0
0.052679290259
0.0
0.0
0.0
0.0
0.0
0.0
0.0
0.0
0.0
0.0
0.0
0.113790326096
0.0
0.362078529842
0.0
0.483608885908
0.0
0.0402309549194
0.0
0.0
0.0223553502656
0.0
0.240275892056
0.0
0.693015858234
0.0
0.0442613319297
0.0
0.0
0.106803409553
0.0
0.162661481304
0.0
0.649036104208
0.0
0.0813307484869
0.0
0.0
0.0
0.0
0.0
0.0
0.0
0.0
0.0
0.0
0.0
0.0
0.0
0.0
0.0
0.0
0.0
0.0
0.0
0.0
0.0
0.0
0.0
0.0
0.0
0.0
0.0
0.0
0.0
0.0
0.0
0.0
0.0
0.0
0.0
0.0
0.0
0.0
0.0
0.0
0.0
0.0
0.0
0.0
0.0
0.0
0.0
