0.0
0.0
0.0
0.0
0.0
0.0
0.0
0.0
0.0
0.107954979927
0.0
0.152671394126
0.0
0.431819919708
0.0
0.305342788251
0.0
0.0
0.0
0.0
0.0
0.0
0.0
0.0
0.0
0.0
0.0
0.0
0.0
0.0
0.0
0.0
0.0
0.0
0.0
0.0
0.0
0.0
0.0
0.0
0.0
0.0
0.0
0.0
0.0
0.612702994801
0.0
0.111088816393
0.0
0.1649584986
0.0
0.111088816393
0.0
0.0
0.410844223026
0.0
0.233825756421
0.0
0.305628019568
0.0
0.0495993901353
0.0
0.0
0.0
0.0
0.0
0.0
0.0
0.0
0.0
0.0
0.0
0.476925845469
0.0
0.192707139247
0.0
0.136264527277
0.0
0.192707139247
0.0
0.0
0.220817088737
0.0
0.382546249025
0.0
0.380909478071
0.0
0.0156141258175
0.0
0.0
0.672855591359
0.0
0.0388392443483
0.0
0.17164683453
0.0
0.116517716675
0.0
0.0
0.0
0.0
0.0
0.0
0.0
0.0
0.0
0.0
0.0
0.0
0.0
0.0
0.0
0.0
0.0
0.0
0.0
0.0
0.0
0.0
0.0
0.0
0.0
0.0
0.0
0.0
0.0
0.0
0.0
0.0
0.0
0.0
0.0
0.0
0.0
0.0
0.0
0.0
0.0
0.0
0.0
0.0
0.0
0.0
0.0
