0.0
0.0
0.0
0.0
0.0
0.0
0.0
0.0
0.0
0.292673774703
0.0
0.103475803613
0.0
0.292673774703
0.0
0.310427402117
0.0
0.0
0.0
0.0
0.58479426465
0.0
0.413511990238
0.0
0.0
0.0
0.0
0.355141362408
0.0
0.251122861341
0.0
0.266356021806
0.0
0.12556143067
0.0
0.0
0.0
0.0
0.0
0.0
0.0
0.0
0.0
0.0
0.0
0.438699202649
0.0
0.241856395159
0.0
0.0669202173532
0.0
0.252371904166
0.0
0.0
0.114922222348
0.0
0.650098686232
0.0
0.217747368659
0.0
0.0171078487032
0.0
0.0
0.0
0.0
0.580858952471
0.0
0.410729311235
0.0
0.0
0.0
0.0
0.16753861315
0.0
0.473870665438
0.0
0.279231021916
0.0
0.078978456075
0.0
0.0
0.160649135262
0.0
0.598961529128
0.0
0.167951368683
0.0
0.0722884171874
0.0
0.0
0.598405510813
0.0
0.021699312172
0.0
0.0
0.0
0.379738057209
0.0
0.0
0.0
0.0
0.0
0.0
0.0
0.0
0.0
0.0
0.0
0.0
0.0
0.0
0.0
0.0
0.0
0.0
0.0
0.0
0.0
0.0
0.0
0.0
0.0
0.0
0.0
0.0
0.0
0.0753970373236
0.0
0.106627510921
0.0
0.603176298589
0.0
0.213255021842
0.0
0.0
0.0
0.0
0.0
0.0
0.0
0.0
0.0
0.0
0.0
