0.0
0.0
0.0
0.0
0.0
0.0
0.0
0.0
0.0
0.171372153473
0.0
0.323142426009
0.0
0.342744306946
0.0
0.161571213004
0.0
0.0
0.287661125662
0.0
0.290581617982
0.0
0.246566679139
0.0
0.174348962951
0.0
0.0
0.0
0.0
0.0
0.0
0.0
0.0
0.0
0.0
0.0
0.0
0.0
0.0
0.0
0.0
0.0
0.0
0.0
0.0
0.553800911713
0.0
0.158908679003
0.0
0.0601957512731
0.0
0.227012470745
0.0
0.0
0.494723986694
0.0
0.478704648362
0.0
0.0260381045628
0.0
0.0
0.0
0.0
0.0
0.0
0.0
0.0
0.0
0.0
0.0
0.0
0.0
0.0
0.0
0.0
0.0
0.0
0.0
0.0
0.0
0.0
0.504276499376
0.0
0.153463632744
0.0
0.0893654555857
0.0
0.252763683399
0.0
0.0
0.174628719031
0.0
0.0
0.0
0.110291822546
0.0
0.714891227047
0.0
0.0
0.0
0.0
0.0
0.0
0.0
0.0
0.0
0.0
0.0
0.0
0.0
0.0
0.0
0.0
0.0
0.0
0.0
0.0
0.0
0.0
0.0
0.0
0.0
0.0
0.0
0.0
0.0
0.0345781769235
0.0
0.146702773669
0.0
0.622407184622
0.0
0.195603703722
0.0
0.0
0.0
0.0
0.0
0.0
0.0
0.0
0.0
0.0
0.0
