0.0
0.0
0.0
0.0
0.0
0.0
0.0
0.0
0.0
0.0
0.0
0.0
0.0
0.0
0.0
0.0
0.0
0.0
0.0
0.0
0.0
0.0
0.0
0.0
0.0
0.0
0.0
0.0
0.0
0.0
0.0
0.0
0.0
0.0
0.0
0.0
0.0
0.0
0.0
0.0
0.0
0.0
0.0
0.0
0.0
0.0403060307577
0.0
0.247005771048
0.0
0.665049507503
0.0
0.0475011127737
0.0
0.0
0.0857191218144
0.0
0.327307883863
0.0
0.368592223802
0.0
0.218205217759
0.0
0.0
0.0
0.0
0.0
0.0
0.0
0.0
0.0
0.0
0.0
0.655174014054
0.0
0.0926555960532
0.0
0.0655174014054
0.0
0.185311192106
0.0
0.0
0.0328478968914
0.0
0.255496722916
0.0
0.618635391455
0.0
0.092907867916
0.0
0.0
0.0484576466572
0.0
0.125637326839
0.0
0.791474895401
0.0
0.0342647290025
0.0
0.0
0.0
0.0
0.0
0.0
0.0
0.0
0.0
0.0
0.0
0.0
0.0
0.0
0.0
0.0
0.0
0.0
0.0
0.0
0.0
0.0
0.0
0.0
0.0
0.0
0.0
0.0
0.0
0.0
0.0
0.0
0.0
0.0
0.0
0.0
0.0
0.0
0.0
0.0
0.0
0.0
0.0
0.0
0.0
0.0
0.0
