0.0
0.0
0.0
0.0
0.0
0.0
0.0
0.0
0.0
0.0
0.0
0.0
0.0
0.0
0.0
0.0
0.0
0.0
0.0
0.0
0.0
0.0
0.0
0.0
0.0
0.0
0.0
0.0
0.0
0.0
0.0
0.0
0.0
0.0
0.0
0.0
0.0
0.0
0.0
0.0
0.0
0.0
0.0
0.0
0.0
0.418435900877
0.0
0.0910396460385
0.0
0.171666010616
0.0
0.318638709974
0.0
0.0
0.202494841622
0.0
0.531832075606
0.0
0.208280408525
0.0
0.0572741858377
0.0
0.0
0.507670542655
0.0
0.14359091087
0.0
0.203068217062
0.0
0.14359091087
0.0
0.0
0.281238728848
0.0
0.331443020416
0.0
0.187492485899
0.0
0.198865803309
0.0
0.0
0.0456658082238
0.0
0.553553487005
0.0
0.391421213347
0.0
0.00922588631736
0.0
0.0
0.371904670818
0.0
0.112704121327
0.0
0.177097462294
0.0
0.33811239776
0.0
0.0
0.0
0.0
0.0
0.0
0.0
0.0
0.0
0.0
0.0
0.0
0.0
0.0
0.0
0.0
0.0
0.0
0.0
0.0
0.0
0.0
0.0
0.0
0.0
0.0
0.0
0.0
0.0
0.0
0.0
0.0
0.0
0.0
0.0
0.0
0.0
0.0
0.0
0.0
0.0
0.0
0.0
0.0
0.0
0.0
0.0
