0.0
0.0
0.0
0.0
0.0
0.0
0.0
0.0
0.0
0.0
0.0
0.0
0.0
0.0
0.0
0.0
0.0
0.0
0.0
0.0
0.0
0.0
0.0
0.0
0.0
0.0
0.0
0.0
0.0
0.0
0.0
0.0
0.0
0.0
0.0
0.0
0.0
0.0
0.0
0.0
0.0
0.0
0.0
0.0
0.0
0.0364924788743
0.0
0.146223088009
0.0
0.602125901426
0.0
0.215033970696
0.0
0.0
0.142456941469
0.0
0.359758065877
0.0
0.396844336949
0.0
0.100732261551
0.0
0.0
0.0
0.0
0.0
0.0
0.0
0.0
0.0
0.0
0.0
0.0
0.0
0.0
0.0
0.0
0.0
0.0
0.0
0.0
0.11966695201
0.0
0.376077074485
0.0
0.485315972039
0.0
0.0188038470671
0.0
0.0
0.00664686436244
0.0
0.216201926062
0.0
0.711214486781
0.0
0.0658005950123
0.0
0.0
0.468281682347
0.0
0.264900117941
0.0
0.0
0.0
0.264900117941
0.0
0.0
0.0
0.0
0.0
0.0
0.0
0.0
0.0
0.0
0.0
0.0
0.0
0.0
0.0
0.0
0.0
0.0
0.0
0.0
0.0
0.0
0.0
0.0
0.0
0.0
0.0
0.0
0.0
0.0
0.0
0.0
0.0
0.0
0.0
0.0
0.0
0.0
