0.0
0.0
0.0
0.0
0.0
0.0
0.0
0.0
0.0
0.0
0.0
0.0
0.0
0.0
0.0
0.0
0.0
0.0
0.0
0.0
0.0
0.0
0.0
0.0
0.0
0.0
0.0
0.0
0.0
0.0
0.0
0.0
0.0
0.0
0.0
0.0
0.993219620723
0.0
0.0
0.0
0.0
0.0
0.0
0.0
0.0
0.0360167785486
0.0
0.254677106316
0.0
0.624290828175
0.0
0.0848923496895
0.0
0.0
0.124435015083
0.0
0.392565811528
0.0
0.435522552789
0.0
0.047378604096
0.0
0.0
0.0
0.0
0.0
0.0
0.0
0.0
0.0
0.0
0.0
0.0
0.0
0.0
0.0
0.0
0.0
0.0
0.0
0.0
0.0944728594543
0.0
0.351591728274
0.0
0.46241978575
0.0
0.0914137947243
0.0
0.0
0.00703565517717
0.0
0.0994991762725
0.0
0.773922069489
0.0
0.119399008843
0.0
0.0
0.552166560863
0.0
0.223108978771
0.0
0.0
0.0
0.223108978771
0.0
0.0
0.0
0.0
0.0
0.0
0.0
0.0
0.0
0.0
0.0
0.0
0.0
0.0
0.0
0.0
0.0
0.0
0.0
0.0
0.0
0.0
0.0
0.0
0.0
0.0
0.0
0.0
0.0
0.0
0.0
0.0
0.0
0.0
0.0
0.0
0.0
0.0
