0.0
0.0
0.0
0.0
0.0
0.0
0.0
0.0
0.0
0.0
0.0
0.0
0.0
0.0
0.0
0.0
0.0
0.0
0.0
0.0
0.130478547612
0.0
0.738098139158
0.0
0.130478547612
0.0
0.0
0.0
0.0
0.0
0.0
0.0
0.0
0.0
0.0
0.0
0.0
0.0
0.0
0.0
0.0
0.0
0.0
0.0
0.0
0.217236326907
0.0
0.327039170721
0.0
0.168182962767
0.0
0.287398023476
0.0
0.0
0.230819708208
0.0
0.231935936593
0.0
0.279413330989
0.0
0.257706624535
0.0
0.0
0.0
0.0
0.0
0.0
0.0
0.0
0.0
0.0
0.0
0.0
0.0
0.0
0.0
0.0
0.0
0.0
0.0
0.0
0.152482038531
0.0
0.050739332522
0.0
0.251146886992
0.0
0.545448045946
0.0
0.0
0.416172521724
0.0
0.24172864469
0.0
0.0371582608682
0.0
0.304788372481
0.0
0.0
0.0
0.0
0.0
0.0
0.0
0.0
0.0
0.0
0.0
0.0
0.0
0.0
0.0
0.0
0.0
0.0
0.0
0.0
0.0
0.0
0.0
0.0
0.74964719775
0.0
0.249449697861
0.0
0.0
0.0
0.0
0.584546742257
0.0
0.413336972444
0.0
0.0
0.0
0.0
0.0
0.0
0.0
0.0
0.0
0.0
0.0
0.0
0.0
