0.0
0.0
0.0
0.0
0.0
0.0
0.0
0.0
0.0
0.0
0.0
0.0
0.0
0.0
0.0
0.0
0.0
0.0
0.0
0.0
0.0
0.0
0.0
0.0
0.0
0.0
0.0
0.0
0.0
0.0
0.0
0.0
0.0
0.0
0.0
0.0
0.0
0.0
0.0
0.0
0.0
0.0
0.0
0.0
0.0
0.316709620484
0.0
0.0895789960201
0.0
0.145686425423
0.0
0.447895233812
0.0
0.0
0.135807458269
0.0
0.457287695706
0.0
0.342752156583
0.0
0.0640202448348
0.0
0.0
0.0
0.0
0.0
0.0
0.0
0.0
0.0
0.0
0.0
0.357673468286
0.0
0.281014816457
0.0
0.0794829929525
0.0
0.281014816457
0.0
0.0
0.170467417216
0.0
0.428582099289
0.0
0.347248442476
0.0
0.0535727383266
0.0
0.0
0.282360582977
0.0
0.055718811331
0.0
0.151030079267
0.0
0.510756043989
0.0
0.0
0.0
0.0
0.0
0.0
0.0
0.0
0.0
0.0
0.0
0.0
0.0
0.0
0.0
0.0
0.0
0.0
0.0
0.0
0.0
0.0
0.0
0.0
0.0
0.0
0.0
0.0
0.0
0.0
0.0
0.0
0.0
0.0
0.0
0.0
0.0
0.0
0.0
0.0
0.0
0.0
0.0
0.0
0.0
0.0
0.0
