0.0
0.0
0.0
0.0
0.0
0.0
0.0
0.0
0.0
0.0
0.0
0.0
0.0
0.0
0.0
0.0
0.0
0.0
0.0
0.0
0.0
0.0
0.994906080866
0.0
0.0
0.0
0.0
0.0
0.0
0.0
0.0
0.0
0.0
0.0
0.0
0.0
0.0
0.0
0.0
0.0
0.0
0.0
0.0
0.0
0.0
0.163835344307
0.0
0.395817840624
0.0
0.382282470049
0.0
0.0579245388598
0.0
0.0
0.276739084431
0.0
0.474385816122
0.0
0.201264788677
0.0
0.0474385648173
0.0
0.0
0.0
0.0
0.0
0.0
0.0
0.0
0.0
0.0
0.0
0.412464080774
0.0
0.29165614352
0.0
0.0
0.0
0.29165614352
0.0
0.0
0.137724800465
0.0
0.408393728937
0.0
0.3909607239
0.0
0.0628297594753
0.0
0.0
0.0765416084408
0.0
0.108246166116
0.0
0.75010776272
0.0
0.0649477055093
0.0
0.0
0.0
0.0
0.0
0.0
0.0
0.0
0.0
0.0
0.0
0.0
0.0
0.0
0.0
0.0
0.0
0.0
0.0
0.0
0.0
0.0
0.0
0.0
0.0
0.0
0.0
0.0
0.0
0.0
0.0
0.0
0.0
0.0
0.0
0.0
0.0
0.0
0.0
0.0
0.0
0.0
0.0
0.0
0.0
0.0
0.0
