0.0
0.0
0.0
0.0
0.0
0.0
0.0
0.0
0.0
0.0
0.0
0.0
0.0
0.0
0.0
0.0
0.0
0.0
0.317010217382
0.0
0.256182916211
0.0
0.362297391294
0.0
0.0640457344515
0.0
0.0
0.0
0.0
0.0
0.0
0.0
0.0
0.0
0.0
0.0
0.0
0.0
0.0
0.0
0.0
0.0
0.0
0.0
0.0
0.679548381301
0.0
0.117198358156
0.0
0.132594806107
0.0
0.0703190117322
0.0
0.0
0.287425730485
0.0
0.425837872268
0.0
0.273738790938
0.0
0.0129041701356
0.0
0.0
0.118275073763
0.0
0.459982019071
0.0
0.295687684407
0.0
0.125449654382
0.0
0.0
0.237036344119
0.0
0.354938767663
0.0
0.348582858998
0.0
0.0591564701421
0.0
0.0
0.247759000155
0.0
0.436192737662
0.0
0.273040530783
0.0
0.0429041782503
0.0
0.0
0.595179826783
0.0
0.175356514448
0.0
0.123995797247
0.0
0.105213918129
0.0
0.0
0.0
0.0
0.0
0.0
0.0
0.0
0.0
0.0
0.0
0.0
0.0
0.0
0.0
0.0
0.0
0.0
0.0
0.0
0.0
0.0
0.0
0.0
0.0
0.0
0.985725174433
0.0
0.0
0.174520263754
0.0
0.0617022299215
0.0
0.392670593447
0.0
0.370213369127
0.0
0.0
0.0
0.0
0.0
0.0
0.0
0.0
0.0
0.0
0.0
