0.0
0.0
0.0
0.0
0.0
0.0
0.0
0.0
0.0
0.0
0.0
0.0
0.0
0.0
0.0
0.0
0.0
0.0
0.0
0.0
0.0
0.0
0.0
0.0
0.0
0.0
0.0
0.0
0.0
0.0
0.0
0.0
0.0
0.0
0.0
0.0
0.0
0.0
0.0
0.0
0.0
0.0
0.0
0.0
0.0
0.0808054382512
0.0
0.157129678538
0.0
0.333322432786
0.0
0.428535588503
0.0
0.0
0.224046902279
0.0
0.588436294396
0.0
0.176036851791
0.0
0.0113160772282
0.0
0.0
0.0
0.0
0.0
0.0
0.0
0.0
0.0
0.0
0.0
0.0
0.0
0.0
0.0
0.0
0.0
0.0
0.0
0.0
0.0693543593764
0.0
0.568875174879
0.0
0.26354656563
0.0
0.0980818623864
0.0
0.0
0.336151445342
0.0
0.203738533509
0.0
0.120054087622
0.0
0.339564191984
0.0
0.0
0.497453040433
0.0
0.0
0.0
0.497453040433
0.0
0.0
0.0
0.0
0.0
0.0
0.0
0.0
0.0
0.0
0.0
0.0
0.0
0.0
0.0
0.0
0.0
0.0
0.0
0.0
0.0
0.0
0.0
0.0
0.0
0.0
0.0
0.0
0.0
0.0
0.0
0.0
0.0
0.0
0.0
0.0
0.0
0.0
0.0
0.0
