0.0
0.0
0.0
0.0
0.0
0.0
0.0
0.0
0.0
0.0975335652095
0.0
0.137933288345
0.0
0.487667826047
0.0
0.27586657669
0.0
0.0
0.291073975094
0.0
0.0914757235972
0.0
0.388098633459
0.0
0.228689312848
0.0
0.0
0.0
0.0
0.0
0.0
0.0
0.0
0.0
0.0
0.0
0.0
0.0
0.0
0.0
0.0
0.0
0.0
0.0
0.0
0.316282875007
0.0
0.0711600108537
0.0
0.0431294829555
0.0
0.569280415882
0.0
0.0
0.435437738031
0.0
0.475356087062
0.0
0.0458355513717
0.0
0.0432141715195
0.0
0.0
0.0
0.0
0.0
0.0
0.0
0.0
0.0
0.0
0.0
0.0
0.0
0.0
0.0
0.0
0.0
0.0
0.0
0.0
0.444796507963
0.0
0.450653737369
0.0
0.0199162615506
0.0
0.0844975314383
0.0
0.0
0.369001906472
0.0
0.0
0.0
0.0696230012211
0.0
0.561232504401
0.0
0.0
0.0
0.0
0.0
0.0
0.0
0.0
0.0
0.0
0.0
0.0
0.0
0.0
0.0
0.0
0.0
0.0
0.0
0.0
0.0
0.0
0.241791076471
0.0
0.512916338188
0.0
0.241791076471
0.0
0.0
0.118702061264
0.0
0.0839350310238
0.0
0.712212367581
0.0
0.0839350310238
0.0
0.0
0.0
0.0
0.0
0.0
0.0
0.0
0.0
0.0
0.0
