0.0
0.0
0.0
0.0
0.996598277878
0.0
0.0
0.0
0.0
0.137952341029
0.0
0.121933794746
0.0
0.569053406743
0.0
0.170707299489
0.0
0.0
0.137325915601
0.0
0.233049770041
0.0
0.590501437086
0.0
0.038841633797
0.0
0.0
0.0
0.0
0.0
0.0
0.0
0.0
0.0
0.0
0.0
0.514769360228
0.0
0.0574731929853
0.0
0.21674499378
0.0
0.210735019415
0.0
0.0
0.0960391386985
0.0
0.135819852431
0.0
0.441780038013
0.0
0.325967594545
0.0
0.0
0.357663514455
0.0
0.515539999415
0.0
0.116928456649
0.0
0.00972716508176
0.0
0.0
0.0
0.0
0.0
0.0
0.0
0.0
0.0
0.0
0.0
0.359151178318
0.0
0.417217009974
0.0
0.205229244753
0.0
0.0181398735224
0.0
0.0
0.379616810836
0.0
0.431821684047
0.0
0.16505078732
0.0
0.0233417057913
0.0
0.0
0.138662480908
0.0
0.196098320741
0.0
0.581061824759
0.0
0.0840421446573
0.0
0.0
0.0
0.0
0.0
0.0
0.0
0.0
0.0
0.0
0.0
0.0
0.0
0.0
0.0
0.0
0.0
0.0
0.0
0.0
0.372170569482
0.0
0.361850905146
0.0
0.232606605926
0.0
0.0328955411168
0.0
0.0
0.0
0.0
0.0
0.0
0.0
0.0
0.0
0.0
0.0
0.0
0.0
0.0
0.0
0.0
0.0
0.0
0.0
0.0
