0.0
0.0
0.0
0.0
0.0
0.0
0.0
0.0
0.0
0.587829010122
0.0
0.048900926132
0.0
0.069156354132
0.0
0.293405548548
0.0
0.0
0.0
0.0
0.0
0.0
0.979931012857
0.0
0.0
0.0
0.0
0.0
0.0
0.0
0.0
0.979931012857
0.0
0.0
0.0
0.0
0.0
0.0
0.0
0.0
0.0
0.0
0.0
0.0
0.0
0.35836781431
0.0
0.178067865075
0.0
0.0387424664119
0.0
0.424623492775
0.0
0.0
0.177413293598
0.0
0.546077443146
0.0
0.187849369692
0.0
0.0885530281443
0.0
0.0
0.446429203007
0.0
0.315673111363
0.0
0.0
0.0
0.23675482687
0.0
0.0
0.0
0.0
0.0
0.0
0.0
0.0
0.0
0.0
0.0
0.117821991766
0.0
0.573932454993
0.0
0.261826648369
0.0
0.0462848496275
0.0
0.0
0.616726065667
0.0
0.0379209718004
0.0
0.0134070883841
0.0
0.331808585563
0.0
0.0
0.0
0.0
0.0
0.0
0.0
0.0
0.0
0.0
0.0
0.124840204538
0.0
0.0
0.0
0.873881431767
0.0
0.0
0.0
0.0
0.0
0.0
0.079300743263
0.0
0.841111414111
0.0
0.079300743263
0.0
0.0
0.0299182153826
0.0
0.021155372616
0.0
0.92746467686
0.0
0.021155372616
0.0
0.0
0.199591237146
0.0
0.0
0.0
0.798364948585
0.0
0.0
0.0
0.0
