0.0
0.0
0.0
0.0
0.0
0.0
0.0
0.0
0.0
0.0
0.0
0.0
0.0
0.0
0.0
0.0
0.0
0.0
0.0
0.0
0.0
0.0
0.0
0.0
0.0
0.0
0.0
0.0
0.0
0.0
0.0
0.0
0.0
0.0
0.0
0.0
0.0
0.0
0.0
0.0
0.0
0.0
0.0
0.0
0.0
0.13465885526
0.0
0.103874372394
0.0
0.648810848072
0.0
0.112530569121
0.0
0.0
0.0960360130963
0.0
0.460263661368
0.0
0.368138050203
0.0
0.0754530076916
0.0
0.0
0.0
0.0
0.0
0.0
0.0
0.0
0.0
0.0
0.0
0.270726168014
0.0
0.319053848664
0.0
0.0902420560046
0.0
0.319053848664
0.0
0.0
0.0216648704256
0.0
0.421283068269
0.0
0.541621760639
0.0
0.0153193765293
0.0
0.0
0.0
0.0
0.233825021673
0.0
0.747333528955
0.0
0.0187060034368
0.0
0.0
0.260855020191
0.0
0.368904701053
0.0
0.0
0.0
0.368904701053
0.0
0.0
0.0
0.0
0.0
0.0
0.0
0.0
0.0
0.0
0.0
0.0
0.0
0.0
0.0
0.0
0.0
0.0
0.0
0.0
0.0
0.0
0.0
0.0
0.0
0.0
0.0
0.0
0.0
0.0
0.0
0.0
0.0
0.0
0.0
0.0
0.0
0.0
