0.0
0.0
0.985725174433
0.0
0.0
0.0
0.0
0.0
0.0
0.0
0.0
0.12556143067
0.0
0.621497384214
0.0
0.251122861341
0.0
0.0
0.0
0.0
0.0
0.0
0.0
0.0
0.0
0.0
0.0
0.0
0.0
0.0
0.0
0.0
0.0
0.0
0.0
0.0
0.413045598335
0.0
0.194711559016
0.0
0.0
0.0
0.389423118031
0.0
0.0
0.0538910432347
0.0
0.266747116421
0.0
0.549688640994
0.0
0.129562830494
0.0
0.0
0.132863716344
0.0
0.526113738303
0.0
0.265727432688
0.0
0.0751590602188
0.0
0.0
0.0
0.0
0.0
0.0
0.0
0.0
0.0
0.0
0.0
0.0538416375827
0.0
0.507623724441
0.0
0.412785888134
0.0
0.0253811909289
0.0
0.0
0.075860179457
0.0
0.455950920392
0.0
0.462747094688
0.0
0.0053641246398
0.0
0.0
0.0492742231146
0.0
0.119458737637
0.0
0.781348395103
0.0
0.0497744818473
0.0
0.0
0.570817185939
0.0
0.115322484596
0.0
0.0815453122769
0.0
0.230644969193
0.0
0.0
0.0
0.0
0.0
0.0
0.0
0.0
0.0
0.0
0.0
0.0
0.0
0.0
0.0
0.0
0.0
0.0
0.0
0.0
0.0
0.0
0.0
0.0
0.0
0.0
0.0
0.0
0.0
0.0
0.0
0.0
0.0
0.0
0.0
0.0
0.0
0.0
