0.0
0.0
0.0
0.0
0.0
0.0
0.0
0.0
0.0
0.0
0.0
0.0
0.0
0.0
0.0
0.0
0.0
0.0
0.239006023055
0.0
0.338005559206
0.0
0.286807227666
0.0
0.135202221403
0.0
0.0
0.0
0.0
0.0
0.0
0.0
0.0
0.0
0.0
0.0
0.0
0.0
0.0
0.0
0.0
0.0
0.0
0.0
0.0
0.358929088929
0.0
0.274951274957
0.0
0.11216534029
0.0
0.253801152747
0.0
0.0
0.375763391045
0.0
0.404333548491
0.0
0.138869079299
0.0
0.080866684769
0.0
0.0
0.0
0.0
0.0
0.0
0.0
0.0
0.0
0.0
0.0
0.0
0.0
0.0
0.0
0.0
0.0
0.0
0.0
0.0
0.379384974688
0.0
0.311032786859
0.0
0.153953323062
0.0
0.155516309532
0.0
0.0
0.305149131121
0.0
0.0497937715691
0.0
0.246466605905
0.0
0.398350127782
0.0
0.0
0.0
0.0
0.0
0.0
0.0
0.0
0.0
0.0
0.0
0.0
0.0
0.0
0.0
0.0
0.0
0.0
0.0
0.0
0.0
0.0
0.264900117941
0.0
0.468281682347
0.0
0.264900117941
0.0
0.0
0.0
0.0
0.0
0.0
0.0
0.0
0.0
0.0
0.0
0.0
0.0
0.0
0.0
0.0
0.0
0.0
0.0
0.0
