0.0
0.0
0.0
0.0
0.0
0.0
0.0
0.0
0.0
0.212893579271
0.0
0.301076973535
0.0
0.283858105695
0.0
0.200717987997
0.0
0.0
0.0
0.0
0.0
0.0
0.0
0.0
0.0
0.0
0.0
0.0
0.0
0.0
0.0
0.0
0.0
0.0
0.0
0.0
0.0
0.0
0.0
0.0
0.0
0.0
0.0
0.0
0.0
0.526205067371
0.0
0.22794289072
0.0
0.0379246895402
0.0
0.207830265164
0.0
0.0
0.446872965094
0.0
0.400249998678
0.0
0.0893745930187
0.0
0.063197377932
0.0
0.0
0.0
0.0
0.0
0.0
0.0
0.0
0.0
0.0
0.0
0.0
0.0
0.0
0.0
0.0
0.0
0.0
0.0
0.0
0.449547498799
0.0
0.280649237316
0.0
0.1093493916
0.0
0.160370928747
0.0
0.0
0.167112443727
0.0
0.0
0.0
0.501337331182
0.0
0.330865732521
0.0
0.0
0.0
0.0
0.0
0.0
0.0
0.0
0.0
0.0
0.0
0.0
0.0
0.0
0.0
0.0
0.0
0.0
0.0
0.0
0.0
0.0
0.0
0.0
0.0
0.0
0.0
0.0
0.0
0.0
0.0
0.0
0.0
0.0
0.0
0.0
0.0
0.0
0.0
0.0
0.0
0.0
0.0
0.0
0.0
0.0
0.0
