0.0
0.0
0.0
0.0
0.0
0.0
0.0
0.0
0.0
0.0
0.0
0.0
0.0
0.0
0.0
0.0
0.0
0.0
0.0
0.0
0.0
0.0
0.0
0.0
0.0
0.0
0.0
0.0
0.0
0.0
0.0
0.0
0.0
0.0
0.0
0.0
0.0
0.0
0.0
0.0
0.0
0.0
0.0
0.0
0.0
0.05497336381
0.0
0.317455112466
0.0
0.5497336381
0.0
0.0777440644166
0.0
0.0
0.189220702802
0.0
0.364906958174
0.0
0.275230113166
0.0
0.170289931313
0.0
0.0
0.0
0.0
0.0
0.0
0.0
0.0
0.0
0.0
0.0
0.0795153598716
0.0
0.506032552852
0.0
0.357819119422
0.0
0.0562258492114
0.0
0.0
0.0313297644734
0.0
0.443070051304
0.0
0.519178954131
0.0
0.00632956815229
0.0
0.0
0.00732727845525
0.0
0.0310870082946
0.0
0.806000630078
0.0
0.155435020509
0.0
0.0
0.993219620723
0.0
0.0
0.0
0.0
0.0
0.0
0.0
0.0
0.0
0.0
0.0
0.0
0.0
0.0
0.0
0.0
0.0
0.0
0.0
0.0
0.0
0.0
0.0
0.0
0.0
0.0
0.0
0.0
0.0
0.0
0.0
0.0
0.0
0.0
0.0
0.0
0.0
0.0
0.0
0.0
0.0
0.0
0.0
0.0
