0.0
0.0
0.0
0.0
0.0
0.0
0.0
0.0
0.0
0.0
0.0
0.0
0.0
0.0
0.0
0.0
0.0
0.0
0.0
0.0
0.0
0.0
0.0
0.0
0.0
0.0
0.0
0.0
0.0
0.0
0.0
0.0
0.0
0.0
0.0
0.0
0.0
0.0
0.0
0.0
0.0
0.0
0.0
0.0
0.0
0.161231488939
0.0
0.130294705838
0.0
0.13819841909
0.0
0.570039527498
0.0
0.0
0.383338677014
0.0
0.25750825786
0.0
0.115001603104
0.0
0.243955192619
0.0
0.0
0.0
0.0
0.0
0.0
0.0
0.0
0.0
0.0
0.0
0.989863794742
0.0
0.0
0.0
0.0
0.0
0.0
0.0
0.0
0.237117425843
0.0
0.603602576719
0.0
0.142270455506
0.0
0.0167667336881
0.0
0.0
0.38177911514
0.0
0.187797252939
0.0
0.0663963678505
0.0
0.363857289369
0.0
0.0
0.0
0.0
0.0
0.0
0.0
0.0
0.0
0.0
0.0
0.0
0.0
0.0
0.0
0.0
0.0
0.0
0.0
0.0
0.0
0.0
0.0
0.0
0.0
0.0
0.0
0.0
0.0
0.0
0.0
0.0
0.0
0.0
0.0
0.0
0.0
0.0
0.0
0.0
0.0
0.0
0.0
0.0
0.0
0.0
0.0
