0.0
0.0
0.0
0.0
0.0
0.0
0.0
0.0
0.0
0.0
0.0
0.0
0.0
0.0
0.0
0.0
0.0
0.0
0.0
0.0
0.0
0.0
0.0
0.0
0.0
0.0
0.0
0.0
0.0
0.0
0.0
0.0
0.0
0.0
0.0
0.0
0.0
0.0
0.0
0.0
0.0
0.0
0.0
0.0
0.0
0.388324917014
0.0
0.105161035839
0.0
0.272653665137
0.0
0.233691171493
0.0
0.0
0.243181358246
0.0
0.376152059471
0.0
0.326774950143
0.0
0.0537359960718
0.0
0.0
0.0
0.0
0.0
0.0
0.0
0.0
0.0
0.0
0.0
0.979931012857
0.0
0.0
0.0
0.0
0.0
0.0
0.0
0.0
0.225036818221
0.0
0.388972526613
0.0
0.306300113689
0.0
0.0795625205316
0.0
0.0
0.371091850048
0.0
0.0393602327623
0.0
0.287596183787
0.0
0.301761734375
0.0
0.0
0.0
0.0
0.0
0.0
0.0
0.0
0.0
0.0
0.0
0.0
0.0
0.0
0.0
0.0
0.0
0.0
0.0
0.0
0.0
0.0
0.0
0.0
0.0
0.0
0.0
0.0
0.0
0.0
0.0
0.0
0.0
0.0
0.0
0.0
0.0
0.0
0.0
0.0
0.0
0.0
0.0
0.0
0.0
0.0
0.0
