0.0
0.0
0.0
0.0
0.0
0.0
0.0
0.0
0.0
0.0
0.0
0.0
0.0
0.0
0.0
0.0
0.0
0.0
0.0
0.0
0.0
0.0
0.0
0.0
0.0
0.0
0.0
0.0
0.0
0.0
0.0
0.0
0.0
0.0
0.0
0.0
0.382718132253
0.0
0.0902075273226
0.0
0.255145421502
0.0
0.270622574364
0.0
0.0
0.0
0.0
0.154403386265
0.0
0.777905374905
0.0
0.067551488812
0.0
0.0
0.18505734463
0.0
0.316233667201
0.0
0.454932638883
0.0
0.0436184336856
0.0
0.0
0.0
0.0
0.0
0.0
0.0
0.0
0.0
0.0
0.0
0.0
0.0
0.0
0.0
0.0
0.0
0.0
0.0
0.0
0.18599941189
0.0
0.252082717156
0.0
0.495998431707
0.0
0.0657607197489
0.0
0.0
0.0298751515375
0.0
0.137311971739
0.0
0.769285152089
0.0
0.063374763858
0.0
0.0
0.0
0.0
0.0
0.0
0.0
0.0
0.0
0.0
0.0
0.0
0.0
0.0
0.0
0.0
0.0
0.0
0.0
0.0
0.0
0.0
0.0
0.0
0.0
0.0
0.0
0.0
0.0
0.0
0.0
0.0
0.0
0.0
0.0
0.0
0.0
0.0
0.0
0.0
0.0
0.0
0.0
0.0
0.0
0.0
0.0
