0.0
0.0
0.0
0.0
0.0
0.0
0.0
0.0
0.0
0.0
0.0
0.0
0.0
0.0
0.0
0.0
0.0
0.0
0.0
0.0
0.0
0.0
0.0
0.0
0.0
0.0
0.0
0.0
0.0
0.0
0.0
0.0
0.0
0.0
0.0
0.0
0.0
0.0
0.0
0.0
0.0
0.0
0.0
0.0
0.0
0.0283694558035
0.0
0.296891553915
0.0
0.618454136517
0.0
0.0561686524731
0.0
0.0
0.0696850484161
0.0
0.517385280557
0.0
0.252608300508
0.0
0.160142976794
0.0
0.0
0.0
0.0
0.0
0.0
0.0
0.0
0.0
0.0
0.0
0.0620468995632
0.0
0.394864003456
0.0
0.279211048035
0.0
0.263242688695
0.0
0.0
0.0332830963933
0.0
0.316037565672
0.0
0.637133559529
0.0
0.0134484015748
0.0
0.0
0.0314454917428
0.0
0.289059147771
0.0
0.668216699534
0.0
0.0111176600343
0.0
0.0
0.0
0.0
0.0
0.0
0.0
0.0
0.0
0.0
0.0
0.0
0.0
0.0
0.0
0.0
0.0
0.0
0.0
0.0
0.0
0.0
0.0
0.0
0.0
0.0
0.0
0.0
0.0
0.0
0.0
0.0
0.0
0.0
0.0
0.0
0.0
0.0
0.0
0.0
0.0
0.0
0.0
0.0
0.0
0.0
0.0
