0.0
0.0
0.0
0.0
0.0
0.0
0.0
0.0
0.0
0.0
0.0
0.0
0.0
0.0
0.0
0.0
0.0
0.0
0.0
0.0
0.0
0.0
0.0
0.0
0.0
0.0
0.0
0.0
0.0
0.0
0.0
0.0
0.0
0.0
0.0
0.0
0.0
0.0
0.0
0.0
0.0
0.0
0.0
0.0
0.0
0.0400069824105
0.0
0.405478813586
0.0
0.460080297721
0.0
0.0942973491157
0.0
0.0
0.0397160907131
0.0
0.449336530491
0.0
0.46169955454
0.0
0.0491461510644
0.0
0.0
0.0
0.0
0.0
0.0
0.0
0.0
0.0
0.0
0.0
0.148253575125
0.0
0.550363205359
0.0
0.222380362688
0.0
0.078623327675
0.0
0.0
0.057072708083
0.0
0.41029129708
0.0
0.451825605657
0.0
0.0807129850916
0.0
0.0
0.14044107547
0.0
0.119168198799
0.0
0.323014473581
0.0
0.417088628828
0.0
0.0
0.0
0.0
0.0
0.0
0.0
0.0
0.0
0.0
0.0
0.0
0.0
0.0
0.0
0.0
0.0
0.0
0.0
0.0
0.0
0.0
0.0
0.0
0.0
0.0
0.0
0.0
0.0
0.0
0.0
0.0
0.0
0.0
0.0
0.0
0.0
0.0
0.0
0.0
0.0
0.0
0.0
0.0
0.0
0.0
0.0
