0.0
0.0
0.0
0.0
0.0
0.0
0.0
0.0
0.0
0.0
0.0
0.0
0.0
0.0
0.0
0.0
0.0
0.0
0.0
0.0
0.0
0.0
0.0
0.0
0.0
0.0
0.0
0.0
0.0
0.0
0.0
0.0
0.0
0.0
0.0
0.0
0.379198528133
0.0
0.0383048351528
0.0
0.35211291898
0.0
0.229829004459
0.0
0.0
0.0502021152074
0.0
0.220878042112
0.0
0.697251600103
0.0
0.031554004876
0.0
0.0
0.215406116811
0.0
0.368094908056
0.0
0.25130713628
0.0
0.165008025633
0.0
0.0
0.0
0.0
0.0
0.0
0.0
0.0
0.0
0.0
0.0
0.989863794742
0.0
0.0
0.0
0.0
0.0
0.0
0.0
0.0
0.128529910202
0.0
0.384510989241
0.0
0.444911227622
0.0
0.0419466309138
0.0
0.0
0.0211580466826
0.0
0.17953194441
0.0
0.719373587208
0.0
0.0797919827667
0.0
0.0
0.994906080866
0.0
0.0
0.0
0.0
0.0
0.0
0.0
0.0
0.0
0.0
0.0
0.0
0.0
0.0
0.0
0.0
0.0
0.0
0.0
0.0
0.0
0.0
0.0
0.0
0.0
0.0
0.0
0.0
0.0
0.0
0.0
0.0
0.0
0.0
0.0
0.0
0.0
0.0
0.0
0.0
0.0
0.0
0.0
0.0
