0.0
0.0
0.323142426009
0.0
0.514116460419
0.0
0.161571213004
0.0
0.0
0.0
0.0
0.0979051566722
0.0
0.738446968812
0.0
0.163175268456
0.0
0.0
0.0
0.0
0.0
0.0
0.993219620723
0.0
0.0
0.0
0.0
0.0
0.0
0.0
0.0
0.0
0.0
0.0
0.0
0.0
0.151893803972
0.0
0.107405136971
0.0
0.417707960923
0.0
0.322215401858
0.0
0.0
0.0260335490292
0.0
0.082838235804
0.0
0.826565181678
0.0
0.0644297417173
0.0
0.0
0.181506761481
0.0
0.202649484287
0.0
0.372566510409
0.0
0.243179421231
0.0
0.0
0.0
0.0
0.0
0.0
0.0
0.0
0.0
0.0
0.0
0.0
0.0
0.0
0.0
0.0
0.0
0.0
0.0
0.0
0.138202697843
0.0
0.298920805247
0.0
0.459320731068
0.0
0.103472519041
0.0
0.0
0.0264513342071
0.0
0.099754209685
0.0
0.70536891219
0.0
0.168335256697
0.0
0.0
0.443602931613
0.0
0.139410949213
0.0
0.172512251183
0.0
0.243969146434
0.0
0.0
0.0
0.0
0.0
0.0
0.0
0.0
0.0
0.0
0.0
0.0
0.0
0.0
0.0
0.0
0.0
0.0
0.0
0.0
0.0
0.0
0.0
0.0
0.0
0.0
0.0
0.0
0.0
0.0
0.0
0.0
0.0
0.0
0.0
0.0
0.0
0.0
