0.0
0.0
0.0
0.0
0.0
0.0
0.0
0.0
0.0
0.0
0.0
0.0
0.0
0.0
0.0
0.0
0.0
0.0
0.0
0.0
0.0
0.0
0.0
0.0
0.0
0.0
0.0
0.0
0.0
0.0
0.0
0.0
0.0
0.0
0.0
0.0
0.0
0.0
0.0
0.0
0.0
0.0
0.0
0.0
0.0
0.202110578729
0.0
0.241166966417
0.0
0.101055289364
0.0
0.455537814719
0.0
0.0
0.131995264766
0.0
0.583342419115
0.0
0.214492305245
0.0
0.0700010569355
0.0
0.0
0.0
0.0
0.0
0.0
0.0
0.0
0.0
0.0
0.0
0.0885864043237
0.0
0.501120326928
0.0
0.221466010809
0.0
0.187920133158
0.0
0.0
0.15593024461
0.0
0.6064266902
0.0
0.136438964034
0.0
0.10107104068
0.0
0.0
0.261550153546
0.0
0.0770599529774
0.0
0.152570922902
0.0
0.50859578111
0.0
0.0
0.0
0.0
0.0
0.0
0.0
0.0
0.0
0.0
0.0
0.0
0.0
0.0
0.0
0.0
0.0
0.0
0.0
0.0
0.0
0.0
0.0
0.0
0.0
0.0
0.0
0.0
0.0
0.0
0.0
0.0
0.0
0.0
0.0
0.0
0.0
0.0
0.0
0.0
0.0
0.0
0.0
0.0
0.0
0.0
0.0
