0.0
0.0
0.0
0.0
0.979931012857
0.0
0.0
0.0
0.0
0.0
0.0
0.0
0.0
0.0
0.0
0.0
0.0
0.0
0.0
0.0
0.0
0.0
0.993219620723
0.0
0.0
0.0
0.0
0.0
0.0
0.0
0.0
0.0
0.0
0.0
0.0
0.0
0.569761611742
0.0
0.0
0.0
0.427321208806
0.0
0.0
0.0
0.0
0.345419261634
0.0
0.254018192114
0.0
0.165801245584
0.0
0.234478333209
0.0
0.0
0.339009640051
0.0
0.496554861778
0.0
0.0786986664403
0.0
0.0856128510627
0.0
0.0
0.0
0.0
0.0
0.0
0.0
0.0
0.0
0.0
0.0
0.0
0.0
0.0
0.0
0.0
0.0
0.0
0.0
0.0
0.270700234169
0.0
0.593008386067
0.0
0.106156954576
0.0
0.0300257204665
0.0
0.0
0.754192853567
0.0
0.0941108571121
0.0
0.0887285710079
0.0
0.0627405731709
0.0
0.0
0.0
0.0
0.0
0.0
0.0
0.0
0.0
0.0
0.0
0.0
0.0
0.0
0.0
0.0
0.0
0.0
0.0
0.0
0.0
0.0
0.0
0.0
0.0
0.0
0.0
0.0
0.0
0.0
0.0
0.0
0.0
0.0
0.0
0.0
0.0
0.0
0.0
0.0
0.0
0.0
0.0
0.0
0.0
0.0
0.0
