0.0
0.0
0.0
0.0
0.0
0.0
0.0
0.0
0.0
0.0
0.0
0.0
0.0
0.0
0.0
0.0
0.0
0.0
0.0
0.0
0.0
0.0
0.0
0.0
0.0
0.0
0.0
0.0
0.0
0.0
0.0
0.0
0.0
0.0
0.0
0.0
0.119304026995
0.0
0.18559348297
0.0
0.644241745771
0.0
0.0506164096179
0.0
0.0
0.19284965281
0.0
0.288315279701
0.0
0.440799206422
0.0
0.0779230164712
0.0
0.0
0.0
0.0
0.0
0.0
0.0
0.0
0.0
0.0
0.0
0.0
0.0
0.0
0.0
0.0
0.0
0.0
0.0
0.0
0.230516336909
0.0
0.474180755587
0.0
0.146692214396
0.0
0.148181513601
0.0
0.0
0.0827894150582
0.0
0.242526834494
0.0
0.63274767223
0.0
0.0418149691308
0.0
0.0
0.0
0.0
0.0
0.0
0.956219533739
0.0
0.0436225358089
0.0
0.0
0.0906856536279
0.0
0.0854992527189
0.0
0.695256677814
0.0
0.128248875475
0.0
0.0
0.0
0.0
0.0
0.0
0.0
0.0
0.0
0.0
0.0
0.0
0.0
0.0
0.0
0.0
0.0
0.0
0.0
0.0
0.0
0.0
0.0
0.0
0.0
0.0
0.0
0.0
0.0
0.0
0.0
0.0
0.0
0.0
0.0
0.0
0.0
0.0
