0.0
0.0
0.0
0.0
0.0
0.0
0.0
0.0
0.0
0.0
0.0
0.0
0.0
0.0
0.0
0.0
0.0
0.0
0.348582874493
0.0
0.176060938783
0.0
0.298785320994
0.0
0.176060938783
0.0
0.0
0.0
0.0
0.0
0.0
0.0
0.0
0.0
0.0
0.0
0.370493292069
0.0
0.314373968834
0.0
0.0
0.0
0.314373968834
0.0
0.0
0.132648659626
0.0
0.0432908134597
0.0
0.2755010623
0.0
0.548350491957
0.0
0.0
0.839349479065
0.0
0.0832995997538
0.0
0.0147254294573
0.0
0.0624747033262
0.0
0.0
0.0
0.0
0.0
0.0
0.0
0.0
0.0
0.0
0.0
0.0
0.0
0.0
0.0
0.0
0.0
0.0
0.0
0.0
0.228407433924
0.0
0.11181352569
0.0
0.237192335228
0.0
0.422406790379
0.0
0.0
0.38230094339
0.0
0.308945767909
0.0
0.218457681937
0.0
0.0901091895409
0.0
0.0
0.0
0.0
0.0
0.0
0.0
0.0
0.0
0.0
0.0
0.0
0.0
0.0
0.0
0.0
0.0
0.0
0.0
0.0
0.0701108849448
0.0
0.0
0.0
0.630997964503
0.0
0.297455279628
0.0
0.0
0.0
0.0
0.417291359884
0.0
0.442604345468
0.0
0.13909712387
0.0
0.0
0.0
0.0
0.0
0.0
0.0
0.0
0.0
0.0
0.0
