0.0
0.0
0.0
0.0
0.0
0.0
0.0
0.0
0.0
0.0
0.0
0.0
0.0
0.0
0.0
0.0
0.0
0.0
0.0
0.0
0.0
0.0
0.0
0.0
0.0
0.0
0.0
0.0
0.0
0.0
0.0
0.0
0.0
0.0
0.0
0.0
0.278697471011
0.0
0.225221544763
0.0
0.298604433226
0.0
0.197068856413
0.0
0.0
0.0561214248297
0.0
0.238103129033
0.0
0.609318326722
0.0
0.0963750217876
0.0
0.0
0.0247050183875
0.0
0.09083923226
0.0
0.597861444978
0.0
0.286493112619
0.0
0.0
0.302211135179
0.0
0.122111736787
0.0
0.0863460386225
0.0
0.488446905976
0.0
0.0
0.0
0.0
0.0
0.0
0.0
0.0
0.0
0.0
0.0
0.0941043923739
0.0
0.055451544975
0.0
0.517574158056
0.0
0.332709299765
0.0
0.0
0.0127094479328
0.0
0.149782264108
0.0
0.639708879285
0.0
0.197712645509
0.0
0.0
0.313043551561
0.0
0.2125009759
0.0
0.137739162687
0.0
0.336459864576
0.0
0.0
0.0
0.0
0.0
0.0
0.0
0.0
0.0
0.0
0.0
0.0
0.0
0.0
0.0
0.0
0.0
0.0
0.0
0.0
0.0
0.0
0.0
0.0
0.0
0.0
0.0
0.0
0.0
0.0
0.0
0.0
0.0
0.0
0.0
0.0
0.0
0.0
