0.0
0.0
0.0
0.0
0.0
0.0
0.0
0.0
0.0
0.0
0.0
0.0
0.0
0.0
0.0
0.0
0.0
0.0
0.0670242425737
0.0
0.28435976571
0.0
0.268096970295
0.0
0.379146364933
0.0
0.0
0.0
0.0
0.0
0.0
0.0
0.0
0.0
0.0
0.0
0.0
0.0
0.0
0.0
0.0
0.0
0.0
0.0
0.0
0.292619925066
0.0
0.251541973051
0.0
0.212292886812
0.0
0.243427708089
0.0
0.0
0.264562868835
0.0
0.431709727791
0.0
0.27473836379
0.0
0.0287806454464
0.0
0.0
0.0
0.0
0.0
0.0
0.0
0.0
0.0
0.0
0.0
0.328065732157
0.0
0.445396737259
0.0
0.170594180722
0.0
0.0556745984147
0.0
0.0
0.328804453248
0.0
0.291325256909
0.0
0.273343461134
0.0
0.1064456972
0.0
0.0
0.119028941959
0.0
0.252498464094
0.0
0.5441323061
0.0
0.0841661655089
0.0
0.0
0.0
0.0
0.0
0.0
0.0
0.0
0.0
0.0
0.0
0.0
0.0
0.0
0.0
0.0
0.0
0.0
0.0
0.0
0.0
0.0
0.0
0.0
0.0
0.0
0.0
0.0
0.0
0.0
0.0
0.0
0.0
0.0
0.0
0.0
0.0
0.0
0.0
0.0
0.0
0.0
0.0
0.0
0.0
0.0
0.0
