0.0
0.0
0.0
0.0
0.0
0.0
0.0
0.0
0.0
0.0
0.0
0.0
0.0
0.0
0.0
0.0
0.0
0.0
0.0
0.0
0.0
0.0
0.0
0.0
0.0
0.0
0.0
0.0
0.0
0.0
0.0
0.0
0.0
0.0
0.0
0.0
0.30182117506
0.0
0.213419795938
0.0
0.377276468825
0.0
0.106709897969
0.0
0.0
0.12211864224
0.0
0.417362997467
0.0
0.417238694319
0.0
0.0431754580664
0.0
0.0
0.0
0.0
0.0
0.0
0.0
0.0
0.0
0.0
0.0
0.0
0.0
0.0
0.0
0.0
0.0
0.0
0.0
0.0
0.132845691178
0.0
0.375744280222
0.0
0.265691382356
0.0
0.225446578269
0.0
0.0
0.0124651847988
0.0
0.167470083971
0.0
0.722980718329
0.0
0.0969563694095
0.0
0.0
0.0
0.0
0.246018603085
0.0
0.753832949811
0.0
0.0
0.0
0.0
0.29267377215
0.0
0.258689511138
0.0
0.29267377215
0.0
0.155213699705
0.0
0.0
0.0
0.0
0.0
0.0
0.0
0.0
0.0
0.0
0.0
0.0
0.0
0.0
0.0
0.0
0.0
0.0
0.0
0.0
0.0
0.0
0.0
0.0
0.0
0.0
0.0
0.0
0.0
0.0
0.0
0.0
0.0
0.0
0.0
0.0
0.0
0.0
