0.0
0.0
0.0
0.0
0.0
0.0
0.0
0.0
0.0
0.0
0.0
0.0
0.0
0.0
0.0
0.0
0.0
0.0
0.0
0.0
0.0
0.0
0.0
0.0
0.0
0.0
0.0
0.0
0.0
0.0
0.0
0.0
0.0
0.0
0.0
0.0
0.0
0.0
0.0
0.0
0.0
0.0
0.0
0.0
0.0
0.0556168698831
0.0
0.14607193456
0.0
0.595895034462
0.0
0.202253442024
0.0
0.0
0.169786259992
0.0
0.352167172832
0.0
0.237700763989
0.0
0.240113988346
0.0
0.0
0.0
0.0
0.0
0.0
0.0
0.0
0.0
0.0
0.0
0.497453040433
0.0
0.0
0.0
0.497453040433
0.0
0.0
0.0
0.0
0.0176750078091
0.0
0.391607846283
0.0
0.565600249893
0.0
0.0249962346286
0.0
0.0
0.0484004861791
0.0
0.095828066162
0.0
0.677606806507
0.0
0.177966392761
0.0
0.0
0.0
0.0
0.0
0.0
0.0
0.0
0.0
0.0
0.0
0.0
0.0
0.0
0.0
0.0
0.0
0.0
0.0
0.0
0.0
0.0
0.0
0.0
0.0
0.0
0.0
0.0
0.0
0.0
0.0
0.0
0.0
0.0
0.0
0.0
0.0
0.0
0.0
0.0
0.0
0.0
0.0
0.0
0.0
0.0
0.0
