0.0
0.0
0.0
0.0
0.0
0.0
0.0
0.0
0.0
0.0
0.0
0.0
0.0
0.0
0.0
0.0
0.0
0.0
0.0
0.0
0.0
0.0
0.0
0.0
0.0
0.0
0.0
0.0
0.0
0.0
0.0
0.0
0.0
0.0
0.0
0.0
0.248735988842
0.0
0.219853630488
0.0
0.310919986052
0.0
0.219853630488
0.0
0.0
0.0938456236795
0.0
0.318522737861
0.0
0.487997243134
0.0
0.0995382974076
0.0
0.0
0.178921173953
0.0
0.328942521354
0.0
0.339950230512
0.0
0.151819643616
0.0
0.0
0.0
0.0
0.0
0.0
0.0
0.0
0.0
0.0
0.0
0.233116896744
0.0
0.41209627203
0.0
0.271969712867
0.0
0.0824192655219
0.0
0.0
0.104499740203
0.0
0.339905512152
0.0
0.496373765962
0.0
0.059113973949
0.0
0.0
0.0
0.0
0.240248071291
0.0
0.679524268602
0.0
0.0800826949305
0.0
0.0
0.216268582278
0.0
0.344081166106
0.0
0.324402873417
0.0
0.114693730629
0.0
0.0
0.0
0.0
0.0
0.0
0.0
0.0
0.0
0.0
0.0
0.0
0.0
0.0
0.0
0.0
0.0
0.0
0.0
0.0
0.0
0.0
0.0
0.0
0.0
0.0
0.0
0.0
0.0
0.0
0.0
0.0
0.0
0.0
0.0
0.0
0.0
0.0
