0.0
0.0
0.0
0.0
0.0
0.0
0.0
0.0
0.0
0.0
0.0
0.0
0.0
0.0
0.0
0.0
0.0
0.0
0.491128787229
0.0
0.248057496998
0.0
0.210483765955
0.0
0.0496114985632
0.0
0.0
0.0
0.0
0.0
0.0
0.0
0.0
0.0
0.0
0.0
0.0
0.0
0.0
0.0
0.0
0.0
0.0
0.0
0.0
0.263928414753
0.0
0.0165889394334
0.0
0.105571365901
0.0
0.613791163158
0.0
0.0
0.668107128043
0.0
0.295264451971
0.0
0.00695944925044
0.0
0.0295264412149
0.0
0.0
0.0
0.0
0.0
0.0
0.0
0.0
0.0
0.0
0.0
0.0
0.0
0.0
0.0
0.0
0.0
0.0
0.0
0.0
0.437762656584
0.0
0.265324195059
0.0
0.0312687611845
0.0
0.265324195059
0.0
0.0
0.237866070651
0.0
0.17771728353
0.0
0.228889992514
0.0
0.355434738265
0.0
0.0
0.995920708777
0.0
0.0
0.0
0.0
0.0
0.0
0.0
0.0
0.0
0.0
0.0
0.0
0.0
0.0
0.0
0.0
0.0
0.237404122527
0.0
0.0839350310238
0.0
0.593510306318
0.0
0.0839350310238
0.0
0.0
0.410729311235
0.0
0.580858952471
0.0
0.0
0.0
0.0
0.0
0.0
0.0
0.0
0.0
0.0
0.0
0.0
0.0
0.0
0.0
