0.0
0.0
0.0
0.0
0.0
0.0
0.0
0.0
0.0
0.0
0.0
0.0
0.0
0.0
0.0
0.0
0.0
0.0
0.0
0.0
0.0
0.0
0.0
0.0
0.0
0.0
0.0
0.0
0.0
0.0
0.0
0.0
0.0
0.0
0.0
0.0
0.0
0.0
0.0
0.0
0.0
0.0
0.0
0.0
0.0
0.10577259146
0.0
0.259805630929
0.0
0.445358279833
0.0
0.188949486058
0.0
0.0
0.088100884044
0.0
0.602201781302
0.0
0.205568729436
0.0
0.103827887534
0.0
0.0
0.0
0.0
0.0
0.0
0.0
0.0
0.0
0.0
0.0
0.299992310813
0.0
0.296977213228
0.0
0.359990772976
0.0
0.0424253187299
0.0
0.0
0.0711150996285
0.0
0.332661156259
0.0
0.503276089679
0.0
0.0928356208003
0.0
0.0
0.105298627651
0.0
0.260600754191
0.0
0.596692223353
0.0
0.0372286851475
0.0
0.0
0.0
0.0
0.0
0.0
0.0
0.0
0.0
0.0
0.0
0.0
0.0
0.0
0.0
0.0
0.0
0.0
0.0
0.0
0.0
0.0
0.0
0.0
0.0
0.0
0.0
0.0
0.0
0.0
0.0
0.0
0.0
0.0
0.0
0.0
0.0
0.0
0.0
0.0
0.0
0.0
0.0
0.0
0.0
0.0
0.0
