0.0
0.0
0.0
0.0
0.0
0.0
0.0
0.0
0.0
0.0
0.0
0.0
0.0
0.994906080866
0.0
0.0
0.0
0.0
0.0
0.0
0.0
0.0
0.0
0.0
0.0
0.0
0.0
0.0
0.0
0.0
0.0
0.0
0.0
0.0
0.0
0.0
0.0
0.0
0.0
0.0
0.0
0.0
0.0
0.0
0.0
0.161399049267
0.0
0.171189516341
0.0
0.524546910118
0.0
0.142657933491
0.0
0.0
0.0939655279658
0.0
0.332218449424
0.0
0.522030710921
0.0
0.0516783997992
0.0
0.0
0.0
0.0
0.0
0.0
0.0
0.0
0.0
0.0
0.0
0.286807227666
0.0
0.135202221403
0.0
0.239006023055
0.0
0.338005559206
0.0
0.0
0.027869702661
0.0
0.380999409354
0.0
0.57132890455
0.0
0.0197068548502
0.0
0.0
0.040664626127
0.0
0.316296689673
0.0
0.599803235374
0.0
0.0431313473832
0.0
0.0
0.0
0.0
0.0
0.0
0.0
0.0
0.0
0.0
0.0
0.0
0.0
0.0
0.0
0.0
0.0
0.0
0.0
0.0
0.0
0.0
0.0
0.0
0.0
0.0
0.0
0.0
0.0
0.0
0.0
0.0
0.0
0.0
0.0
0.0
0.0
0.0
0.0
0.0
0.0
0.0
0.0
0.0
0.0
0.0
0.0
