0.0
0.0
0.0
0.0
0.0
0.0
0.0
0.0
0.0
0.0
0.0
0.0
0.0
0.0
0.0
0.0
0.0
0.0
0.0670242425737
0.0
0.379146364933
0.0
0.268096970295
0.0
0.28435976571
0.0
0.0
0.0
0.0
0.0
0.0
0.0
0.0
0.0
0.0
0.0
0.0
0.0
0.0
0.0
0.0
0.0
0.0
0.0
0.0
0.283277660383
0.0
0.264235529699
0.0
0.0602718426346
0.0
0.39209153055
0.0
0.0
0.287749276558
0.0
0.648088176607
0.0
0.0639442836796
0.0
0.0
0.0
0.0
0.0
0.0
0.0
0.0
0.0
0.0
0.0
0.0
0.0
0.236550147525
0.0
0.459982019071
0.0
0.177412610644
0.0
0.125449654382
0.0
0.0
0.193500272561
0.0
0.5804715603
0.0
0.0351818677383
0.0
0.190726211959
0.0
0.0
0.243020807976
0.0
0.0613720218734
0.0
0.0694345165646
0.0
0.625994901224
0.0
0.0
0.0
0.0
0.0
0.0
0.0
0.0
0.0
0.0
0.0
0.0
0.0
0.0
0.0
0.0
0.0
0.0
0.0
0.0
0.0
0.0
0.0
0.0
0.0
0.0
0.0
0.0
0.0
0.0
0.0
0.0
0.0
0.0
0.0
0.0
0.0
0.0
0.0
0.0
0.0
0.0
0.0
0.0
0.0
0.0
0.0
