0.0
0.0
0.0
0.0
0.0
0.0
0.0
0.0
0.0
0.0
0.0
0.0
0.0
0.0
0.0
0.0
0.0
0.0
0.0
0.0
0.0
0.0
0.0
0.0
0.0
0.0
0.0
0.0
0.0
0.0
0.0
0.0
0.0
0.0
0.0
0.0
0.0
0.0
0.0
0.0
0.0
0.0
0.0
0.0
0.0
0.0833669928766
0.0
0.244218815526
0.0
0.613342876164
0.0
0.058949361432
0.0
0.0
0.153613625808
0.0
0.434485121651
0.0
0.293262376542
0.0
0.118495875679
0.0
0.0
0.0
0.0
0.0
0.0
0.0
0.0
0.0
0.0
0.0
0.289818284011
0.0
0.273243270872
0.0
0.265666760343
0.0
0.17077706157
0.0
0.0
0.0563510085952
0.0
0.414400464226
0.0
0.4733484722
0.0
0.0557846481127
0.0
0.0
0.0762893911227
0.0
0.107889486713
0.0
0.635744926022
0.0
0.17981579502
0.0
0.0
0.0
0.0
0.0
0.0
0.0
0.0
0.0
0.0
0.0
0.0
0.0
0.0
0.0
0.0
0.0
0.0
0.0
0.0
0.0
0.0
0.0
0.0
0.0
0.0
0.0
0.0
0.0
0.0
0.0
0.0
0.0
0.0
0.0
0.0
0.0
0.0
0.0
0.0
0.0
0.0
0.0
0.0
0.0
0.0
0.0
