0.0
0.0
0.0
0.0
0.0
0.0
0.0
0.0
0.0
0.0
0.0
0.0
0.0
0.0
0.0
0.0
0.0
0.0
0.0
0.0
0.0
0.0
0.0
0.0
0.0
0.0
0.0
0.0
0.0
0.0
0.0
0.0
0.0
0.0
0.0
0.0
0.0
0.0
0.0
0.0
0.0
0.0
0.0
0.0
0.0
0.135543182038
0.0
0.292094530073
0.0
0.535718290911
0.0
0.0365118101037
0.0
0.0
0.199063606407
0.0
0.311151909188
0.0
0.356219085149
0.0
0.133350829642
0.0
0.0
0.0
0.0
0.0
0.0
0.0
0.0
0.0
0.0
0.0
0.993219620723
0.0
0.0
0.0
0.0
0.0
0.0
0.0
0.0
0.101417989393
0.0
0.411156688533
0.0
0.439477954036
0.0
0.0478088986771
0.0
0.0
0.0684989997789
0.0
0.0968722046727
0.0
0.61649099801
0.0
0.217962440099
0.0
0.0
0.0
0.0
0.0
0.0
0.0
0.0
0.0
0.0
0.0
0.0
0.0
0.0
0.0
0.0
0.0
0.0
0.0
0.0
0.0
0.0
0.0
0.0
0.0
0.0
0.0
0.0
0.0
0.0
0.0
0.0
0.0
0.0
0.0
0.0
0.0
0.0
0.0
0.0
0.0
0.0
0.0
0.0
0.0
0.0
0.0
