0.0
0.0
0.0
0.0
0.0
0.0
0.0
0.0
0.0
0.0
0.0
0.0
0.0
0.0
0.0
0.0
0.0
0.0
0.0
0.0
0.0
0.0
0.0
0.0
0.0
0.0
0.0
0.0
0.0
0.0
0.0
0.0
0.0
0.0
0.0
0.0
0.390134260838
0.0
0.137933288345
0.0
0.195067130419
0.0
0.27586657669
0.0
0.0
0.0748282262423
0.0
0.373908434792
0.0
0.508831938447
0.0
0.0423292350463
0.0
0.0
0.413628764729
0.0
0.29247969121
0.0
0.0
0.0
0.29247969121
0.0
0.0
0.0
0.0
0.0
0.0
0.0
0.0
0.0
0.0
0.0
0.213873691421
0.0
0.226847296026
0.0
0.294076325704
0.0
0.264655170198
0.0
0.0
0.0398268986824
0.0
0.297711280937
0.0
0.654299049783
0.0
0.00804624847143
0.0
0.0
0.0
0.0
0.0840243909985
0.0
0.831799117593
0.0
0.0840243909985
0.0
0.0
0.51381590366
0.0
0.242215135694
0.0
0.0
0.0
0.242215135694
0.0
0.0
0.0
0.0
0.0
0.0
0.0
0.0
0.0
0.0
0.0
0.0
0.0
0.0
0.0
0.0
0.0
0.0
0.0
0.0
0.0
0.0
0.0
0.0
0.0
0.0
0.0
0.0
0.0
0.0
0.0
0.0
0.0
0.0
0.0
0.0
0.0
0.0
