0.0
0.0
0.0
0.0
0.0
0.0
0.0
0.0
0.0
0.0
0.0
0.0
0.0
0.0
0.0
0.0
0.0
0.0
0.177305230204
0.0
0.250747449897
0.0
0.236406973605
0.0
0.33432994259
0.0
0.0
0.0
0.0
0.0
0.0
0.0
0.0
0.0
0.0
0.0
0.0
0.0
0.0
0.0
0.0
0.0
0.0
0.0
0.0
0.178521423728
0.0
0.0
0.0
0.172145658595
0.0
0.649202342007
0.0
0.0
0.244904140146
0.0
0.675376623387
0.0
0.0795938455473
0.0
0.0
0.0
0.0
0.0
0.0
0.0
0.0
0.0
0.0
0.0
0.0
0.0
0.300578653084
0.0
0.303630250222
0.0
0.364988364459
0.0
0.0303630286054
0.0
0.0
0.0637287719815
0.0
0.693971377964
0.0
0.24216933353
0.0
0.0
0.0
0.0
0.102780959556
0.0
0.00855024849828
0.0
0.187424102721
0.0
0.701120868398
0.0
0.0
0.355464537217
0.0
0.125675690218
0.0
0.266598402913
0.0
0.251351380436
0.0
0.0
0.0
0.0
0.0
0.0
0.0
0.0
0.0
0.0
0.0
0.0
0.0
0.0
0.0
0.0
0.0
0.0
0.0
0.0
0.0
0.0
0.0
0.0
0.0
0.0
0.0
0.0
0.0
0.0
0.0
0.0
0.0
0.0
0.0
0.0
0.0
0.0
