0.0
0.0
0.0
0.0
0.0
0.0
0.0
0.0
0.0
0.0
0.0
0.0
0.0
0.0
0.0
0.0
0.0
0.0
0.0
0.0
0.0
0.0
0.0
0.0
0.0
0.0
0.0
0.0
0.0
0.0
0.0
0.0
0.0
0.0
0.0
0.0
0.0
0.0
0.0
0.0
0.0
0.0
0.0
0.0
0.0
0.276762856473
0.0
0.156560682361
0.0
0.370862227673
0.0
0.195700871427
0.0
0.0
0.0716846704115
0.0
0.579300008275
0.0
0.276498014444
0.0
0.0724124424368
0.0
0.0
0.271597088459
0.0
0.192048134317
0.0
0.407395632688
0.0
0.128032093142
0.0
0.0
0.236929887615
0.0
0.195457170118
0.0
0.31590651682
0.0
0.251302065106
0.0
0.0
0.154145036066
0.0
0.452756987426
0.0
0.225288898865
0.0
0.167687658784
0.0
0.0
0.137077618189
0.0
0.126007046433
0.0
0.397525092749
0.0
0.339249875147
0.0
0.0
0.0
0.0
0.0
0.0
0.0
0.0
0.0
0.0
0.0
0.0
0.0
0.0
0.0
0.0
0.0
0.0
0.0
0.0
0.0
0.0
0.0
0.0
0.0
0.0
0.0
0.0
0.0
0.0
0.0
0.0
0.0
0.0
0.0
0.0
0.0
0.0
0.0
0.0
0.0
0.0
0.0
0.0
0.0
0.0
0.0
