0.0
0.0
0.0
0.0
0.0
0.0
0.0
0.0
0.0
0.252266789275
0.0
0.0509655869462
0.0
0.288304902029
0.0
0.407724661201
0.0
0.0
0.200642258695
0.0
0.227000798861
0.0
0.401284517391
0.0
0.170250594362
0.0
0.0
0.0
0.0
0.0
0.0
0.0
0.0
0.0
0.0
0.0
0.539131982599
0.0
0.0
0.0
0.2695659913
0.0
0.190611937163
0.0
0.0
0.280380333803
0.0
0.0626080504357
0.0
0.0516490088584
0.0
0.60521149666
0.0
0.0
0.385357653255
0.0
0.544978239962
0.0
0.0240848533284
0.0
0.0454148341892
0.0
0.0
0.0
0.0
0.0
0.0
0.0
0.0
0.0
0.0
0.0
0.565696161031
0.0
0.240004544083
0.0
0.113139232206
0.0
0.0800015169421
0.0
0.0
0.297769723012
0.0
0.614820962484
0.0
0.0535985501421
0.0
0.0336887978832
0.0
0.0
0.313522885354
0.0
0.0492653684965
0.0
0.0557374018407
0.0
0.58133165656
0.0
0.0
0.0
0.0
0.0
0.0
0.0
0.0
0.0
0.0
0.0
0.0
0.0
0.0
0.0
0.0
0.0
0.0
0.0
0.0
0.0815453122769
0.0
0.230644969193
0.0
0.570817185939
0.0
0.115322484596
0.0
0.0
0.0
0.0
0.0
0.0
0.0
0.0
0.0
0.0
0.0
0.0
0.0
0.0
0.0
0.0
0.0
0.0
0.0
0.0
