0.0
0.0
0.0
0.0
0.0
0.0
0.0
0.0
0.0
0.0
0.0
0.0
0.0
0.0
0.0
0.0
0.0
0.0
0.0
0.0
0.0
0.0
0.0
0.0
0.0
0.0
0.0
0.0
0.0
0.0
0.0
0.0
0.0
0.0
0.0
0.0
0.0
0.0
0.0
0.0
0.0
0.0
0.0
0.0
0.0
0.101443929669
0.0
0.255045963585
0.0
0.563577387048
0.0
0.0797018784007
0.0
0.0
0.115661109168
0.0
0.414765799567
0.0
0.446121421078
0.0
0.0233670723465
0.0
0.0
0.979931012857
0.0
0.0
0.0
0.0
0.0
0.0
0.0
0.0
0.303822051593
0.0
0.358057721501
0.0
0.0506370085988
0.0
0.286446172371
0.0
0.0
0.145050934951
0.0
0.478643905017
0.0
0.350539759464
0.0
0.0256416237709
0.0
0.0
0.085394368043
0.0
0.072459520786
0.0
0.503826771454
0.0
0.338144452051
0.0
0.0
0.0
0.0
0.0
0.0
0.0
0.0
0.0
0.0
0.0
0.0
0.0
0.0
0.0
0.0
0.0
0.0
0.0
0.0
0.0
0.0
0.0
0.0
0.0
0.0
0.0
0.0
0.0
0.0
0.0
0.0
0.0
0.0
0.0
0.0
0.0
0.0
0.0
0.0
0.0
0.0
0.0
0.0
0.0
0.0
0.0
