0.0
0.0
0.0
0.0
0.0
0.0
0.0
0.0
0.0
0.0
0.0
0.0
0.0
0.0
0.0
0.0
0.0
0.0
0.0
0.0
0.0
0.0
0.0
0.0
0.0
0.0
0.0
0.0
0.0
0.0
0.0
0.0
0.0
0.0
0.0
0.0
0.345781769235
0.0
0.146702773669
0.0
0.311203592311
0.0
0.195603703722
0.0
0.0
0.103898578694
0.0
0.228565216279
0.0
0.536809323253
0.0
0.13060866828
0.0
0.0
0.468281682347
0.0
0.264900117941
0.0
0.0
0.0
0.264900117941
0.0
0.0
0.0
0.0
0.0
0.0
0.0
0.0
0.0
0.0
0.0
0.0
0.0
0.0
0.0
0.0
0.0
0.0
0.0
0.0
0.122507941715
0.0
0.280503931639
0.0
0.530867747433
0.0
0.0660009048012
0.0
0.0
0.0291109682026
0.0
0.0411691253413
0.0
0.836940335824
0.0
0.0926305224747
0.0
0.0
0.412464080774
0.0
0.29165614352
0.0
0.0
0.0
0.29165614352
0.0
0.0
0.0
0.0
0.0
0.0
0.0
0.0
0.0
0.0
0.0
0.0
0.0
0.0
0.0
0.0
0.0
0.0
0.0
0.0
0.0
0.0
0.0
0.0
0.0
0.0
0.0
0.0
0.0
0.0
0.0
0.0
0.0
0.0
0.0
0.0
0.0
0.0
