0.0
0.0
0.0
0.0
0.0
0.0
0.0
0.0
0.0
0.0
0.0
0.0
0.0
0.0
0.0
0.0
0.0
0.0
0.0
0.0
0.0
0.0
0.0
0.0
0.0
0.0
0.0
0.0
0.0
0.0
0.0
0.0
0.0
0.0
0.0
0.0
0.0
0.0
0.0
0.0
0.0
0.0
0.0
0.0
0.0
0.0308190090379
0.0
0.228819420857
0.0
0.685722951093
0.0
0.0544808256864
0.0
0.0
0.0792295481023
0.0
0.416176623891
0.0
0.424444007691
0.0
0.0800339188047
0.0
0.0
0.0
0.0
0.0
0.0
0.0
0.0
0.0
0.0
0.0
0.260855020191
0.0
0.368904701053
0.0
0.0
0.0
0.368904701053
0.0
0.0
0.0384718223352
0.0
0.380851801098
0.0
0.519369601525
0.0
0.0612082871765
0.0
0.0
0.0423705226277
0.0
0.0898814475536
0.0
0.762669407298
0.0
0.104861685445
0.0
0.0
0.0
0.0
0.0
0.0
0.0
0.0
0.0
0.0
0.0
0.0
0.0
0.0
0.0
0.0
0.0
0.0
0.0
0.0
0.0
0.0
0.0
0.0
0.0
0.0
0.0
0.0
0.0
0.0
0.0
0.0
0.0
0.0
0.0
0.0
0.0
0.0
0.0
0.0
0.0
0.0
0.0
0.0
0.0
0.0
0.0
