0.0
0.0
0.0
0.0
0.0
0.0
0.0
0.0
0.0
0.0
0.0
0.0
0.0
0.0
0.0
0.0
0.0
0.0
0.0
0.0
0.0
0.0
0.0
0.0
0.0
0.0
0.0
0.0
0.0
0.0
0.0
0.0
0.0
0.0
0.0
0.0
0.0
0.0
0.0
0.0
0.0
0.0
0.0
0.0
0.0
0.0577961775467
0.0
0.34737865866
0.0
0.512941075727
0.0
0.0817361298512
0.0
0.0
0.256028229375
0.0
0.301732107607
0.0
0.3413709725
0.0
0.100577387289
0.0
0.0
0.71324234263
0.0
0.0
0.0
0.285296937052
0.0
0.0
0.0
0.0
0.0
0.0
0.0
0.0
0.0
0.0
0.0
0.0
0.0
0.168607830537
0.0
0.27421454481
0.0
0.497393100083
0.0
0.0596118701516
0.0
0.0
0.018668353875
0.0
0.171606726512
0.0
0.690729093375
0.0
0.118804662294
0.0
0.0
0.0
0.0
0.0
0.0
0.0
0.0
0.0
0.0
0.0
0.0
0.0
0.0
0.0
0.0
0.0
0.0
0.0
0.0
0.0
0.0
0.0
0.0
0.0
0.0
0.0
0.0
0.0
0.0
0.0
0.0
0.0
0.0
0.0
0.0
0.0
0.0
0.0
0.0
0.0
0.0
0.0
0.0
0.0
0.0
0.0
