0.0
0.0
0.0
0.0
0.0
0.0
0.0
0.0
0.0
0.0
0.0
0.0
0.0
0.0
0.0
0.0
0.0
0.0
0.0
0.0
0.303508654473
0.0
0.674498204273
0.0
0.021679192999
0.0
0.0
0.272714568914
0.0
0.0
0.0
0.109085827566
0.0
0.617082564646
0.0
0.0
0.0
0.0
0.0
0.0
0.0
0.0
0.0
0.0
0.0
0.089388111774
0.0
0.404524647723
0.0
0.411185314161
0.0
0.0948103929157
0.0
0.0
0.0832231258887
0.0
0.256789646805
0.0
0.499338755332
0.0
0.160493525645
0.0
0.0
0.586329418231
0.0
0.181386395567
0.0
0.128259560238
0.0
0.103649375136
0.0
0.0
0.251256683406
0.0
0.532995889866
0.0
0.125628341703
0.0
0.088832650807
0.0
0.0
0.0222068975176
0.0
0.0785132390991
0.0
0.710620720564
0.0
0.188431744188
0.0
0.0
0.366459090229
0.0
0.121941486875
0.0
0.237120587796
0.0
0.274368466245
0.0
0.0
0.0
0.0
0.0
0.0
0.0
0.0
0.0
0.0
0.0
0.11653236458
0.0
0.0824008238121
0.0
0.0582661822901
0.0
0.741607337904
0.0
0.0
0.0
0.0
0.107814762488
0.0
0.784147428643
0.0
0.107814762488
0.0
0.0
0.0
0.0
0.394746441228
0.0
0.604777180439
0.0
0.0
0.0
0.0
0.0
0.0
0.0
0.0
0.0
0.0
0.0
0.0
0.0
