0.0
0.0
0.0
0.0
0.0
0.0
0.0
0.0
0.0
0.132883380651
0.0
0.0469813676585
0.0
0.553680752712
0.0
0.266227711342
0.0
0.0
0.0
0.0
0.0
0.0
0.613190372746
0.0
0.385414278495
0.0
0.0
0.0
0.0
0.0
0.0
0.0
0.0
0.0
0.0
0.0
0.0
0.0
0.0
0.0
0.0
0.0
0.0
0.0
0.0
0.1332567923
0.0
0.222717810095
0.0
0.472455899973
0.0
0.171321397713
0.0
0.0
0.121696154167
0.0
0.316672125912
0.0
0.389427693334
0.0
0.172104333098
0.0
0.0
0.0
0.0
0.0
0.0
0.0
0.0
0.0
0.0
0.0
0.292820051789
0.0
0.41411002331
0.0
0.292820051789
0.0
0.0
0.0
0.0
0.0959395039048
0.0
0.4522634635
0.0
0.451715164219
0.0
0.0
0.0
0.0
0.0495322611671
0.0
0.11674864342
0.0
0.69345165634
0.0
0.140098368955
0.0
0.0
0.0
0.0
0.0
0.0
0.0
0.0
0.0
0.0
0.0
0.127148985975
0.0
0.215778950482
0.0
0.584885335487
0.0
0.0719263269324
0.0
0.0
0.125923719977
0.0
0.415527003943
0.0
0.398758446593
0.0
0.059361009856
0.0
0.0
0.0
0.0
0.0
0.0
0.0
0.0
0.0
0.0
0.0
0.0
0.0
0.0
0.0
0.0
0.0
0.0
0.0
0.0
