0.0
0.0
0.0
0.0
0.0
0.0
0.0
0.0
0.0
0.0
0.0
0.0
0.0
0.0
0.0
0.0
0.0
0.0
0.0
0.0
0.242215135694
0.0
0.51381590366
0.0
0.242215135694
0.0
0.0
0.0
0.0
0.0
0.0
0.0
0.0
0.0
0.0
0.0
0.0
0.0
0.0
0.0
0.0
0.0
0.0
0.0
0.0
0.379564947933
0.0
0.13663638646
0.0
0.151825979173
0.0
0.331831350249
0.0
0.0
0.227890574139
0.0
0.540047012021
0.0
0.197094550607
0.0
0.0348417227209
0.0
0.0
0.0
0.0
0.0
0.0
0.0
0.0
0.0
0.0
0.0
0.0
0.0
0.0
0.0
0.0
0.0
0.0
0.0
0.0
0.300219509758
0.0
0.409411323527
0.0
0.21444250697
0.0
0.0758168651818
0.0
0.0
0.30717206432
0.0
0.0310290628359
0.0
0.175526893897
0.0
0.486122195998
0.0
0.0
0.0
0.0
0.0
0.0
0.0
0.0
0.0
0.0
0.0
0.0
0.0
0.0
0.0
0.0
0.0
0.0
0.0
0.0
0.0
0.0
0.0
0.0
0.0
0.0
0.0
0.0
0.0
0.0
0.0
0.0
0.0
0.0
0.0
0.0
0.0
0.0
0.0
0.0
0.0
0.0
0.0
0.0
0.0
0.0
0.0
