0.0
0.0
0.0
0.0
0.0
0.0
0.0
0.0
0.0
0.0
0.0
0.0
0.0
0.0
0.0
0.0
0.0
0.0
0.0
0.0
0.292582965643
0.0
0.413774805213
0.0
0.292582965643
0.0
0.0
0.0
0.0
0.0
0.0
0.0
0.0
0.0
0.0
0.0
0.0
0.0
0.0
0.0
0.0
0.0
0.0
0.0
0.0
0.358087499468
0.0
0.101282425967
0.0
0.0644557499042
0.0
0.476027652021
0.0
0.0
0.188377514818
0.0
0.74988414726
0.0
0.0418616699595
0.0
0.019733780129
0.0
0.0
0.0
0.0
0.0
0.0
0.0
0.0
0.0
0.0
0.0
0.0
0.0
0.0
0.0
0.0
0.0
0.0
0.0
0.0
0.234523471596
0.0
0.529086990668
0.0
0.173100657607
0.0
0.0631745220176
0.0
0.0
0.182705087832
0.0
0.0500098067313
0.0
0.200386225365
0.0
0.566778176839
0.0
0.0
0.0
0.0
0.0
0.0
0.0
0.0
0.0
0.0
0.0
0.0
0.0
0.0
0.0
0.0
0.0
0.0
0.0
0.0
0.0
0.0
0.0
0.0
0.0
0.0
0.0
0.0
0.0
0.0
0.0
0.0
0.0
0.0
0.0
0.0
0.0
0.0
0.0
0.0
0.0
0.0
0.0
0.0
0.0
0.0
0.0
