0.0
0.0
0.0
0.0
0.0
0.0
0.0
0.0
0.0
0.0
0.0
0.0
0.0
0.0
0.0
0.0
0.0
0.0
0.0
0.0
0.0
0.0
0.0
0.0
0.0
0.0
0.0
0.0
0.0
0.0
0.0
0.0
0.0
0.0
0.0
0.0
0.198185658424
0.0
0.280276841214
0.0
0.0990928292119
0.0
0.420415250008
0.0
0.0
0.0593128699486
0.0
0.300573933449
0.0
0.598071438648
0.0
0.0419405306561
0.0
0.0
0.0506468608235
0.0
0.262626712009
0.0
0.590880042941
0.0
0.0955006349899
0.0
0.0
0.0
0.0
0.0
0.0
0.0
0.0
0.0
0.0
0.0
0.236834112373
0.0
0.279111678055
0.0
0.315778816498
0.0
0.167466999304
0.0
0.0
0.0388881877786
0.0
0.267124467527
0.0
0.638877370648
0.0
0.05499619832
0.0
0.0
0.0204879297018
0.0
0.304230171916
0.0
0.573662031651
0.0
0.101410070331
0.0
0.0
0.0
0.0
0.0
0.0
0.0
0.0
0.0
0.0
0.0
0.0
0.0
0.0
0.0
0.0
0.0
0.0
0.0
0.0
0.0
0.0
0.0
0.0
0.0
0.0
0.0
0.0
0.0
0.0
0.0
0.0
0.0
0.0
0.0
0.0
0.0
0.0
0.0
0.0
0.0
0.0
0.0
0.0
0.0
0.0
0.0
