0.0
0.0
0.0
0.0
0.0
0.0
0.0
0.0
0.0
0.0
0.0
0.0
0.0
0.995920708777
0.0
0.0
0.0
0.0
0.0
0.0
0.234431519438
0.0
0.530457974915
0.0
0.234431519438
0.0
0.0
0.0
0.0
0.0
0.0
0.0
0.0
0.0
0.0
0.0
0.0
0.0
0.0
0.0
0.0
0.0
0.0
0.0
0.0
0.102439648509
0.0
0.246281571463
0.0
0.491710312844
0.0
0.159358670784
0.0
0.0
0.125097628827
0.0
0.488285044384
0.0
0.365285076175
0.0
0.0212297706371
0.0
0.0
0.995920708777
0.0
0.0
0.0
0.0
0.0
0.0
0.0
0.0
0.213873691421
0.0
0.302463044371
0.0
0.294076325704
0.0
0.189039421854
0.0
0.0
0.0512142577602
0.0
0.485267205025
0.0
0.419956913633
0.0
0.043456736782
0.0
0.0
0.0868781561668
0.0
0.245728483675
0.0
0.495205490151
0.0
0.172009943544
0.0
0.0
0.0
0.0
0.0
0.0
0.0
0.0
0.0
0.0
0.0
0.0
0.0
0.0
0.0
0.0
0.0
0.0
0.0
0.0
0.0
0.0
0.0
0.0
0.0
0.0
0.0
0.0
0.0
0.0
0.0
0.0
0.0
0.0
0.0
0.0
0.0
0.0
0.0
0.0
0.0
0.0
0.0
0.0
0.0
0.0
0.0
