0.0
0.0
0.0
0.0
0.0
0.0
0.0
0.0
0.0
0.0
0.0
0.0
0.0
0.0
0.0
0.0
0.0
0.0
0.0
0.0
0.0
0.0
0.0
0.0
0.0
0.0
0.0
0.0
0.0
0.0
0.0
0.0
0.0
0.0
0.0
0.0
0.0
0.0
0.0
0.0
0.0
0.0
0.0
0.0
0.0
0.0587059794999
0.0
0.166045558633
0.0
0.567491135165
0.0
0.207556943625
0.0
0.0
0.116305078961
0.0
0.37595494068
0.0
0.47629699003
0.0
0.0313295651856
0.0
0.0
0.0
0.0
0.0
0.0
0.0
0.0
0.0
0.0
0.0
0.242490074603
0.0
0.128599776277
0.0
0.242490074603
0.0
0.385799299925
0.0
0.0
0.0219776314822
0.0
0.217567455713
0.0
0.659328944465
0.0
0.101013442867
0.0
0.0
0.0311963190702
0.0
0.273533229908
0.0
0.686319019545
0.0
0.00882365135404
0.0
0.0
0.533196805826
0.0
0.125675690218
0.0
0.0888661343044
0.0
0.251351380436
0.0
0.0
0.0
0.0
0.0
0.0
0.0
0.0
0.0
0.0
0.0
0.0
0.0
0.0
0.0
0.0
0.0
0.0
0.0
0.0
0.0
0.0
0.0
0.0
0.0
0.0
0.0
0.0
0.0
0.0
0.0
0.0
0.0
0.0
0.0
0.0
0.0
0.0
