0.0
0.0
0.0
0.0
0.0
0.0
0.0
0.0
0.0
0.0
0.0
0.0
0.0
0.0
0.0
0.0
0.0
0.0
0.0
0.0
0.0
0.0
0.0
0.0
0.0
0.0
0.0
0.0
0.0
0.0
0.0
0.0
0.0
0.0
0.0
0.0
0.0
0.0
0.0
0.0
0.0
0.0
0.0
0.0
0.0
0.0720699687485
0.0
0.394949066081
0.0
0.40539357421
0.0
0.12740289184
0.0
0.0
0.0779353247283
0.0
0.41331464789
0.0
0.4351388964
0.0
0.0734781213613
0.0
0.0
0.0
0.0
0.0
0.0
0.0
0.0
0.0
0.0
0.0
0.165544991606
0.0
0.292644965315
0.0
0.248317487408
0.0
0.292644965315
0.0
0.0
0.0321073103437
0.0
0.408659539518
0.0
0.513716965499
0.0
0.0454065916865
0.0
0.0
0.140372940304
0.0
0.223331953632
0.0
0.561491761215
0.0
0.0744439901221
0.0
0.0
0.0
0.0
0.0
0.0
0.0
0.0
0.0
0.0
0.0
0.0
0.0
0.0
0.0
0.0
0.0
0.0
0.0
0.0
0.0
0.0
0.0
0.0
0.0
0.0
0.0
0.0
0.0
0.0
0.0
0.0
0.0
0.0
0.0
0.0
0.0
0.0
0.0
0.0
0.0
0.0
0.0
0.0
0.0
0.0
0.0
