0.0
0.0
0.0
0.0
0.0
0.0
0.0
0.0
0.0
0.0
0.0
0.0
0.0
0.0
0.0
0.0
0.0
0.0
0.0
0.0
0.0
0.0
0.0
0.0
0.0
0.0
0.0
0.0
0.0
0.0
0.0
0.0
0.0
0.0
0.0
0.0
0.0
0.0
0.0
0.0
0.0
0.0
0.0
0.0
0.0
0.0772217689807
0.0
0.158848076688
0.0
0.624794312662
0.0
0.138992068776
0.0
0.0
0.11409343809
0.0
0.416119747078
0.0
0.342280314271
0.0
0.127383519844
0.0
0.0
0.0
0.0
0.0
0.0
0.0
0.0
0.0
0.0
0.0
0.603176298589
0.0
0.213255021842
0.0
0.0753970373236
0.0
0.106627510921
0.0
0.0
0.027678748474
0.0
0.30010151724
0.0
0.535122470498
0.0
0.137002786994
0.0
0.0
0.050657534707
0.0
0.161191269027
0.0
0.519239730746
0.0
0.268652098942
0.0
0.0
0.0
0.0
0.0
0.0
0.0
0.0
0.0
0.0
0.0
0.0
0.0
0.0
0.0
0.0
0.0
0.0
0.0
0.0
0.0
0.0
0.0
0.0
0.0
0.0
0.0
0.0
0.0
0.0
0.0
0.0
0.0
0.0
0.0
0.0
0.0
0.0
0.0
0.0
0.0
0.0
0.0
0.0
0.0
0.0
0.0
