0.0
0.0
0.0
0.0
0.0
0.0
0.0
0.0
0.0
0.0
0.0
0.0
0.0
0.0
0.0
0.0
0.0
0.0
0.0
0.0
0.0
0.0
0.0
0.0
0.0
0.0
0.0
0.0
0.0
0.0
0.0
0.0
0.0
0.0
0.0
0.0
0.0
0.0
0.0
0.0
0.0
0.0
0.0
0.0
0.0
0.0360052950282
0.0
0.560110825117
0.0
0.378055597796
0.0
0.0254595878373
0.0
0.0
0.0489647128417
0.0
0.547048197689
0.0
0.362338875028
0.0
0.0415479347086
0.0
0.0
0.553051100704
0.0
0.130355392319
0.0
0.184350366901
0.0
0.130355392319
0.0
0.0
0.989863794742
0.0
0.0
0.0
0.0
0.0
0.0
0.0
0.0
0.0766561249975
0.0
0.243918413029
0.0
0.584502953106
0.0
0.0948570956403
0.0
0.0
0.195736454026
0.0
0.351339827777
0.0
0.346302957124
0.0
0.106466580973
0.0
0.0
0.0
0.0
0.0
0.0
0.0
0.0
0.0
0.0
0.0
0.0
0.0
0.0
0.0
0.0
0.0
0.0
0.0
0.0
0.0
0.0
0.0
0.0
0.0
0.0
0.0
0.0
0.0
0.0
0.0
0.0
0.0
0.0
0.0
0.0
0.0
0.0
0.0
0.0
0.0
0.0
0.0
0.0
0.0
0.0
0.0
