0.0
0.0
0.0
0.0
0.0
0.0
0.0
0.0
0.0
0.0
0.0
0.0
0.0
0.0
0.0
0.0
0.0
0.0
0.0
0.0
0.0
0.0
0.0
0.0
0.0
0.0
0.0
0.0
0.0
0.0
0.0
0.0
0.0
0.0
0.0
0.0
0.0
0.0
0.0
0.0
0.0
0.0
0.0
0.0
0.0
0.0719053162817
0.0
0.389809886012
0.0
0.487358254798
0.0
0.0508447306377
0.0
0.0
0.101949884868
0.0
0.0432536710033
0.0
0.616796803453
0.0
0.237895243993
0.0
0.0
0.0829006233383
0.0
0.410337066054
0.0
0.428319887248
0.0
0.0781594558985
0.0
0.0
0.299464958506
0.0
0.0956306971352
0.0
0.222183678892
0.0
0.382522825391
0.0
0.0
0.0495236988744
0.0
0.311276045351
0.0
0.561268587243
0.0
0.0778189746036
0.0
0.0
0.405226472798
0.0
0.553974245317
0.0
0.0405226472798
0.0
0.0
0.0
0.0
0.0
0.0
0.0
0.0
0.0
0.0
0.0
0.0
0.0
0.0
0.0
0.0
0.0
0.0
0.0
0.0
0.0
0.0
0.0
0.0
0.0
0.0
0.0
0.0
0.0
0.0
0.0
0.0
0.0
0.0
0.0
0.0
0.0
0.0
0.0
0.0
0.0
0.0
0.0
0.0
0.0
0.0
0.0
0.0
0.0
