0.0
0.0
0.0
0.0
0.0
0.0
0.0
0.0
0.0
0.0
0.0
0.0
0.0
0.0
0.0
0.0
0.0
0.0
0.0
0.0
0.0
0.0
0.0
0.0
0.0
0.0
0.0
0.0
0.0
0.0
0.0
0.0
0.0
0.0
0.0
0.0
0.51381590366
0.0
0.242215135694
0.0
0.0
0.0
0.242215135694
0.0
0.0
0.0754877742351
0.0
0.155281184425
0.0
0.720565117698
0.0
0.0485253791315
0.0
0.0
0.300144068599
0.0
0.282978489103
0.0
0.275132062882
0.0
0.141489256478
0.0
0.0
0.0
0.0
0.0
0.0
0.0
0.0
0.0
0.0
0.0
0.0
0.0
0.0
0.0
0.0
0.0
0.0
0.0
0.0
0.608397626213
0.0
0.0688323327665
0.0
0.219023145437
0.0
0.103248496249
0.0
0.0
0.115439814566
0.0
0.338174303823
0.0
0.511233464507
0.0
0.0349835451463
0.0
0.0
0.0
0.0
0.0
0.0
0.0
0.0
0.0
0.0
0.0
0.0
0.0
0.0
0.0
0.0
0.0
0.0
0.0
0.0
0.0
0.0
0.0
0.0
0.0
0.0
0.0
0.0
0.0
0.0
0.0
0.0
0.0
0.0
0.0
0.0
0.0
0.0
0.0
0.0
0.0
0.0
0.0
0.0
0.0
0.0
0.0
