0.0
0.0
0.0
0.0
0.0
0.0
0.0
0.0
0.0
0.345580278445
0.0
0.29323455477
0.0
0.230386852297
0.0
0.130326482214
0.0
0.0
0.266625705915
0.0
0.226239403401
0.0
0.506588841239
0.0
0.0
0.0
0.0
0.376254579382
0.0
0.17736810167
0.0
0.209030321879
0.0
0.236490808871
0.0
0.0
0.0
0.0
0.0
0.0
0.0
0.0
0.0
0.0
0.0
0.492525448599
0.0
0.168857221788
0.0
0.0746250679696
0.0
0.263839429504
0.0
0.0
0.240898685403
0.0
0.485472365972
0.0
0.264988553943
0.0
0.0085170545556
0.0
0.0
0.259814014775
0.0
0.734864994202
0.0
0.0
0.0
0.0
0.0
0.0
0.284821141823
0.0
0.575425524555
0.0
0.0813774690923
0.0
0.0575425592462
0.0
0.0
0.289530259639
0.0
0.480325548132
0.0
0.167036688253
0.0
0.0629934735964
0.0
0.0
0.451298791531
0.0
0.0440160593616
0.0
0.163401286589
0.0
0.341124507359
0.0
0.0
0.0
0.0
0.0
0.0
0.0
0.0
0.0
0.0
0.0
0.264581363912
0.0
0.124724848931
0.0
0.485065833838
0.0
0.124724848931
0.0
0.0
0.296169908736
0.0
0.628271224147
0.0
0.0740424771841
0.0
0.0
0.0
0.0
0.102533809192
0.0
0.145004701079
0.0
0.461402141364
0.0
0.290009402159
0.0
0.0
0.0
0.0
0.0
0.0
0.0
0.0
0.0
0.0
0.0
