0.0
0.0
0.0
0.0
0.0
0.0
0.0
0.0
0.0
0.0
0.0
0.0
0.0
0.0
0.0
0.0
0.0
0.0
0.0
0.0
0.0
0.0
0.0
0.0
0.0
0.0
0.0
0.0
0.0
0.0
0.0
0.0
0.0
0.0
0.0
0.0
0.995920708777
0.0
0.0
0.0
0.0
0.0
0.0
0.0
0.0
0.0364620050621
0.0
0.247512398019
0.0
0.587038281499
0.0
0.128912641233
0.0
0.0
0.0275339293468
0.0
0.155755396306
0.0
0.660814304322
0.0
0.155755396306
0.0
0.0
0.0
0.0
0.0
0.0
0.0
0.0
0.0
0.0
0.0
0.534227804802
0.0
0.232465290467
0.0
0.0
0.0
0.232465290467
0.0
0.0
0.0805376923791
0.0
0.170846210112
0.0
0.569516538966
0.0
0.178981743404
0.0
0.0
0.0857111451158
0.0
0.24242772359
0.0
0.428555725579
0.0
0.24242772359
0.0
0.0
0.0
0.0
0.0
0.0
0.0
0.0
0.0
0.0
0.0
0.0
0.0
0.0
0.0
0.0
0.0
0.0
0.0
0.0
0.0
0.0
0.0
0.0
0.0
0.0
0.0
0.0
0.0
0.0
0.0
0.0
0.0
0.0
0.0
0.0
0.0
0.0
0.0
0.0
0.0
0.0
0.0
0.0
0.0
0.0
0.0
