0.0
0.0
0.0
0.0
0.0
0.0
0.0
0.0
0.0
0.0
0.0
0.0
0.0
0.0
0.0
0.0
0.0
0.0
0.0
0.0
0.0
0.0
0.0
0.0
0.0
0.0
0.0
0.0
0.0
0.0
0.0
0.0
0.0
0.0
0.0
0.0
0.0
0.0
0.0
0.0
0.0
0.0
0.0
0.0
0.0
0.171593634587
0.0
0.226492046539
0.0
0.480462176844
0.0
0.121335000775
0.0
0.0
0.153735332089
0.0
0.354729113718
0.0
0.388383996856
0.0
0.102985846833
0.0
0.0
0.0
0.0
0.0
0.0
0.0
0.0
0.0
0.0
0.0
0.303766942203
0.0
0.257754786025
0.0
0.394897024864
0.0
0.0429591322112
0.0
0.0
0.157762211574
0.0
0.319589374954
0.0
0.456231260499
0.0
0.0663298294569
0.0
0.0
0.123541726603
0.0
0.101916716866
0.0
0.555937769712
0.0
0.218392942272
0.0
0.0
0.0
0.0
0.0
0.0
0.0
0.0
0.0
0.0
0.0
0.0
0.0
0.0
0.0
0.0
0.0
0.0
0.0
0.0
0.0
0.0
0.0
0.0
0.0
0.0
0.0
0.0
0.0
0.0
0.0
0.0
0.0
0.0
0.0
0.0
0.0
0.0
0.0
0.0
0.0
0.0
0.0
0.0
0.0
0.0
0.0
