0.0
0.0
0.0
0.0
0.0
0.0
0.0
0.0
0.0
0.0
0.0
0.0
0.0
0.0
0.0
0.0
0.0
0.0
0.0
0.0
0.0
0.0
0.0
0.0
0.0
0.0
0.0
0.0
0.0
0.0
0.0
0.0
0.0
0.0
0.0
0.0
0.0
0.0
0.0
0.0
0.0
0.0
0.0
0.0
0.0
0.0637168181599
0.0
0.386182270594
0.0
0.537041753062
0.0
0.0128727409787
0.0
0.0
0.0
0.0
0.298497815725
0.0
0.665189646779
0.0
0.0361815463048
0.0
0.0
0.298633043503
0.0
0.2111654406
0.0
0.34840521742
0.0
0.140776964356
0.0
0.0
0.413774805213
0.0
0.292582965643
0.0
0.0
0.0
0.292582965643
0.0
0.0
0.0221909639925
0.0
0.16319035345
0.0
0.670167112575
0.0
0.144360675794
0.0
0.0
0.170671327354
0.0
0.329135082944
0.0
0.302553716673
0.0
0.197480993539
0.0
0.0
0.0
0.0
0.0
0.0
0.0
0.0
0.0
0.0
0.0
0.0
0.0
0.0
0.0
0.0
0.0
0.0
0.0
0.0
0.0
0.0
0.0
0.0
0.0
0.0
0.0
0.0
0.0
0.0
0.0
0.0
0.0
0.0
0.0
0.0
0.0
0.0
0.0
0.0
0.0
0.0
0.0
0.0
0.0
0.0
0.0
