0.0
0.0
0.0
0.0
0.0
0.0
0.0
0.0
0.0
0.382968273601
0.0
0.1353997255
0.0
0.255312182401
0.0
0.225666219311
0.0
0.0
0.31033110391
0.0
0.292582965643
0.0
0.103443701303
0.0
0.292582965643
0.0
0.0
0.0
0.0
0.0
0.0
0.0
0.0
0.0
0.0
0.0
0.0
0.0
0.0
0.0
0.0
0.0
0.0
0.0
0.0
0.296495778833
0.0
0.139769425367
0.0
0.0790655410222
0.0
0.484534316254
0.0
0.0
0.581959092108
0.0
0.365784138265
0.0
0.0215540404485
0.0
0.0304820158045
0.0
0.0
0.0
0.0
0.0
0.0
0.0
0.0
0.0
0.0
0.0
0.0
0.0
0.0
0.0
0.0
0.0
0.0
0.0
0.0
0.384125551916
0.0
0.374031184104
0.0
0.125942803907
0.0
0.115771494642
0.0
0.0
0.456042488118
0.0
0.0126459109937
0.0
0.0
0.0
0.531128468532
0.0
0.0
0.0
0.0
0.0
0.0
0.0
0.0
0.0
0.0
0.0
0.0
0.0
0.0
0.0
0.0
0.0
0.0
0.0
0.0
0.0
0.0
0.0
0.0
0.0
0.0
0.0
0.0
0.0
0.18339793418
0.0
0.0518727682779
0.0
0.660232563048
0.0
0.103745536556
0.0
0.0
0.0
0.0
0.0
0.0
0.0
0.0
0.0
0.0
0.0
