0.0
0.0
0.0
0.0
0.0
0.0
0.0
0.0
0.0
0.318132128748
0.0
0.163602459419
0.0
0.231368820907
0.0
0.286304286745
0.0
0.0
0.205055608239
0.0
0.515541988197
0.0
0.182271651768
0.0
0.0966641363672
0.0
0.0
0.0
0.0
0.0
0.0
0.0
0.0
0.0
0.0
0.0
0.0
0.0
0.0
0.0
0.0
0.0
0.0
0.0
0.0
0.36911503908
0.0
0.0
0.0
0.0147646015632
0.0
0.615969169837
0.0
0.0
0.352196502066
0.0
0.632978373173
0.0
0.0146748542528
0.0
0.0
0.0
0.0
0.0
0.0
0.0
0.0
0.0
0.0
0.0
0.0
0.0
0.0
0.0
0.0
0.0
0.0
0.0
0.0
0.0
0.0
0.366787973881
0.0
0.579742297113
0.0
0.0431515263389
0.0
0.0101709121235
0.0
0.0
0.430907310309
0.0
0.0
0.0
0.0159595300114
0.0
0.552969734092
0.0
0.0
0.0
0.0
0.0
0.0
0.0
0.0
0.0
0.0
0.0
0.0
0.0
0.0
0.0
0.0
0.0
0.0
0.0
0.0
0.259701399031
0.0
0.220363934443
0.0
0.519402798061
0.0
0.0
0.0
0.0
0.144605513067
0.0
0.163602459419
0.0
0.404895436588
0.0
0.286304286745
0.0
0.0
0.0
0.0
0.0
0.0
0.0
0.0
0.0
0.0
0.0
