0.0
0.0
0.0
0.0
0.0
0.0
0.0
0.0
0.0
0.0
0.0
0.0
0.0
0.0
0.0
0.0
0.0
0.0
0.0
0.0
0.0
0.0
0.0
0.0
0.0
0.0
0.0
0.0
0.0
0.0
0.0
0.0
0.0
0.0
0.0
0.0
0.324402878644
0.0
0.0382312452333
0.0
0.216268585763
0.0
0.420543642781
0.0
0.0
0.234900461903
0.0
0.245827638122
0.0
0.0939601847614
0.0
0.425215499984
0.0
0.0
0.696030808986
0.0
0.151436337393
0.0
0.0
0.0
0.151436337393
0.0
0.0
0.0
0.0
0.0
0.0
0.0
0.0
0.0
0.0
0.0
0.0
0.0
0.0
0.0
0.0
0.0
0.0
0.0
0.0
0.3028939043
0.0
0.445840810994
0.0
0.111267148519
0.0
0.139871538898
0.0
0.0
0.142683832559
0.0
0.0275161911836
0.0
0.233482635097
0.0
0.596184515484
0.0
0.0
0.0
0.0
0.0
0.0
0.0
0.0
0.0
0.0
0.0
0.0
0.0
0.0
0.0
0.0
0.0
0.0
0.0
0.0
0.0
0.0
0.0
0.0
0.0
0.0
0.0
0.0
0.0
0.0
0.0
0.0
0.0
0.0
0.0
0.0
0.0
0.0
0.0
0.0
0.0
0.0
0.0
0.0
0.0
0.0
0.0
