0.398368283511
0.0
0.0
0.0
0.597552425266
0.0
0.0
0.0
0.0
0.411518700093
0.0
0.202426180113
0.0
0.107352704372
0.0
0.278335984858
0.0
0.0
0.197994054853
0.0
0.420008750268
0.0
0.346489595992
0.0
0.0350007341062
0.0
0.0
0.547445888634
0.0
0.193551341342
0.0
0.0
0.0
0.258068462374
0.0
0.0
0.205067618384
0.0
0.145004701079
0.0
0.358868332172
0.0
0.290009402159
0.0
0.0
0.58419504626
0.0
0.092828814141
0.0
0.072203882122
0.0
0.250637826976
0.0
0.0
0.301805478284
0.0
0.473500848676
0.0
0.117892764955
0.0
0.106704330332
0.0
0.0
0.584617508199
0.0
0.275591331582
0.0
0.0
0.0
0.137795665791
0.0
0.0
0.0
0.0
0.0
0.0
0.0
0.0
0.0
0.0
0.0
0.401779932477
0.0
0.450954662445
0.0
0.102039347931
0.0
0.045095446782
0.0
0.0
0.471649242486
0.0
0.391007650923
0.0
0.0758975792506
0.0
0.0613345000245
0.0
0.0
0.0
0.0
0.0
0.0
0.0
0.0
0.0
0.0
0.0
0.0
0.0
0.0
0.0
0.0
0.0
0.0
0.0
0.0
0.347822693925
0.0
0.152657227848
0.0
0.227883833951
0.0
0.271390609492
0.0
0.0
0.332206932697
0.0
0.261006416453
0.0
0.406030695519
0.0
0.0
0.0
0.0
0.0
0.0
0.0
0.0
0.0
0.0
0.0
0.0
0.0
