0.20506762089
0.0
0.217507048166
0.0
0.358868336558
0.0
0.217507048166
0.0
0.0
0.0
0.0
0.0
0.0
0.799891572522
0.0
0.199626610437
0.0
0.0
0.109133451584
0.0
0.327968203066
0.0
0.504742213578
0.0
0.0578767501355
0.0
0.0
0.0
0.0
0.0
0.0
0.0
0.0
0.0
0.0
0.0
0.136264527277
0.0
0.0
0.0
0.476925845469
0.0
0.385414278495
0.0
0.0
0.0176404467698
0.0
0.174631483151
0.0
0.670336977252
0.0
0.137210454652
0.0
0.0
0.155296724652
0.0
0.597099730531
0.0
0.247504154914
0.0
0.0
0.0
0.0
0.0
0.0
0.0
0.0
0.0
0.0
0.0
0.0
0.0
0.156391565564
0.0
0.608220361275
0.0
0.234587348346
0.0
0.0
0.0
0.0
0.0673563859986
0.0
0.547724207025
0.0
0.378879671242
0.0
0.00595351956009
0.0
0.0
0.0
0.0
0.0566770887411
0.0
0.569089903917
0.0
0.374068852959
0.0
0.0
0.0
0.0
0.0
0.0
0.260507092726
0.0
0.736825314645
0.0
0.0
0.085085524387
0.0
0.180493645664
0.0
0.553055908515
0.0
0.180493645664
0.0
0.0
0.0
0.0
0.584546742257
0.0
0.413336972444
0.0
0.0
0.0
0.0
0.0
0.0
0.0
0.0
0.585347564723
0.0
0.413903190394
0.0
0.0
0.0449380025301
0.0
0.0
0.0
0.763946043012
0.0
0.190655789312
0.0
0.0
