0.0
0.0
0.0
0.0
0.0
0.0
0.0
0.0
0.0
0.0
0.0
0.0
0.0
0.0
0.0
0.0
0.0
0.0
0.0
0.0
0.0
0.0
0.0
0.0
0.0
0.0
0.0
0.0
0.0
0.0
0.0
0.0
0.0
0.0
0.0
0.0
0.498723268433
0.0
0.0
0.0
0.498723268433
0.0
0.0
0.0
0.0
0.254472687826
0.0
0.415244858409
0.0
0.0717743478482
0.0
0.258374475131
0.0
0.0
0.105652354275
0.0
0.522952365485
0.0
0.246522159975
0.0
0.124512493562
0.0
0.0
0.0
0.0
0.0
0.0
0.0
0.0
0.0
0.0
0.0
0.0
0.0
0.0
0.0
0.0
0.0
0.0
0.0
0.0
0.332006406887
0.0
0.355932627211
0.0
0.0696142466054
0.0
0.242337050083
0.0
0.0
0.399868358104
0.0
0.161571213004
0.0
0.114248102315
0.0
0.323142426009
0.0
0.0
0.0
0.0
0.0
0.0
0.0
0.0
0.0
0.0
0.0
0.0
0.0
0.0
0.0
0.0
0.0
0.0
0.0
0.0
0.0
0.0
0.0
0.0
0.0
0.0
0.0
0.0
0.0
0.0
0.0
0.0
0.0
0.0
0.0
0.0
0.0
0.0
0.0
0.0
0.0
0.0
0.0
0.0
0.0
0.0
0.0
