0.0
0.0
0.0
0.0
0.0
0.0
0.0
0.0
0.0
0.0
0.0
0.160003032805
0.0
0.67883538866
0.0
0.160003032805
0.0
0.0
0.0
0.0
0.160003032805
0.0
0.67883538866
0.0
0.160003032805
0.0
0.0
0.0
0.0
0.0
0.0
0.0
0.0
0.0
0.0
0.0
0.989863794742
0.0
0.0
0.0
0.0
0.0
0.0
0.0
0.0
0.0112765874842
0.0
0.4784253467
0.0
0.462340086851
0.0
0.0478425067091
0.0
0.0
0.157092482002
0.0
0.494816280123
0.0
0.257060425094
0.0
0.0908845739606
0.0
0.0
0.0
0.0
0.0
0.0
0.0
0.0
0.0
0.0
0.0
0.161890414296
0.0
0.457895166864
0.0
0.188872150012
0.0
0.190789682881
0.0
0.0
0.0941618329225
0.0
0.539318378011
0.0
0.353106873459
0.0
0.0133164938898
0.0
0.0
0.0
0.0
0.0820062056367
0.0
0.753832949811
0.0
0.164012397448
0.0
0.0
0.281238728848
0.0
0.331443020416
0.0
0.187492485899
0.0
0.198865803309
0.0
0.0
0.0
0.0
0.0
0.0
0.0
0.0
0.0
0.0
0.0
0.0
0.0
0.0
0.0
0.0
0.0
0.0
0.0
0.0
0.0
0.0
0.0
0.0
0.0
0.0
0.0
0.0
0.0
0.0
0.0
0.0
0.0
0.0
0.0
0.0
0.0
0.0
