0.0
0.0
0.0
0.0
0.0
0.0
0.0
0.0
0.0
0.0
0.0
0.0
0.0
0.0
0.0
0.0
0.0
0.0
0.0
0.0
0.0
0.0
0.0
0.0
0.0
0.0
0.0
0.0
0.0
0.0
0.0
0.0
0.0
0.0
0.0
0.0
0.603176298589
0.0
0.106627510921
0.0
0.0753970373236
0.0
0.213255021842
0.0
0.0
0.0206213418958
0.0
0.226013133195
0.0
0.592863579503
0.0
0.160396364135
0.0
0.0
0.0863603585808
0.0
0.183197963525
0.0
0.546948937678
0.0
0.183197963525
0.0
0.0
0.0
0.0
0.0
0.0
0.0
0.0
0.0
0.0
0.0
0.0
0.0
0.0
0.0
0.0
0.0
0.0
0.0
0.0
0.0997849021002
0.0
0.211675738522
0.0
0.476750087812
0.0
0.211675738522
0.0
0.0
0.0140812674198
0.0
0.248923965084
0.0
0.697022737279
0.0
0.0398278380393
0.0
0.0
0.603176298589
0.0
0.213255021842
0.0
0.0753970373236
0.0
0.106627510921
0.0
0.0
0.0
0.0
0.0
0.0
0.0
0.0
0.0
0.0
0.0
0.0
0.0
0.0
0.0
0.0
0.0
0.0
0.0
0.0
0.0
0.0
0.0
0.0
0.0
0.0
0.0
0.0
0.0
0.0
0.0
0.0
0.0
0.0
0.0
0.0
0.0
0.0
