0.0
0.0
0.0
0.0
0.0
0.0
0.0
0.0
0.0
0.0
0.0
0.0
0.0
0.0
0.0
0.0
0.0
0.0
0.119912675439
0.0
0.581424360615
0.0
0.274086115289
0.0
0.0242260184291
0.0
0.0
0.199190221682
0.0
0.0352121885217
0.0
0.448177998784
0.0
0.316909664045
0.0
0.0
0.0524073105965
0.0
0.259402932888
0.0
0.576480416562
0.0
0.111172689093
0.0
0.0
0.257273081773
0.0
0.111379290599
0.0
0.304527321282
0.0
0.326712776699
0.0
0.0
0.206783849708
0.0
0.726375071895
0.0
0.0667044676477
0.0
0.0
0.0
0.0
0.0
0.0
0.0
0.0
0.0
0.0
0.0
0.0
0.0
0.248107194143
0.0
0.58479426465
0.0
0.165404796095
0.0
0.0
0.0
0.0
0.227599077126
0.0
0.482810864919
0.0
0.10924755702
0.0
0.180249276353
0.0
0.0
0.0307140207758
0.0
0.0542952309063
0.0
0.806243045365
0.0
0.108590447167
0.0
0.0
0.0
0.0
0.0
0.0
0.0
0.0
0.0
0.0
0.0
0.154845099726
0.0
0.291978690523
0.0
0.516150332419
0.0
0.0364973393919
0.0
0.0
0.442195443087
0.0
0.390849245421
0.0
0.165823291158
0.0
0.0
0.0
0.0
0.0
0.0
0.0
0.0
0.0
0.0
0.0
0.0
0.0
0.0
0.0
0.0
0.0
0.0
0.0
0.0
0.0
0.0
