0.0
0.0
0.0
0.0
0.0
0.0
0.0
0.0
0.0
0.0
0.0
0.0
0.0
0.0
0.0
0.0
0.0
0.0
0.0
0.0
0.0
0.0
0.0
0.0
0.0
0.0
0.0
0.0
0.0
0.0
0.0
0.0
0.0
0.0
0.0
0.0
0.0
0.0
0.0
0.0
0.0
0.0
0.0
0.0
0.0
0.719889401394
0.0
0.0754131361064
0.0
0.053325140844
0.0
0.150826272213
0.0
0.0
0.336902628131
0.0
0.362372319576
0.0
0.132863008277
0.0
0.167764864216
0.0
0.0
0.512916338188
0.0
0.241791076471
0.0
0.0
0.0
0.241791076471
0.0
0.0
0.0
0.0
0.0
0.0
0.0
0.0
0.0
0.0
0.0
0.158987462726
0.0
0.662035753137
0.0
0.14132218909
0.0
0.0374737026448
0.0
0.0
0.345141504212
0.0
0.182004767378
0.0
0.116997120072
0.0
0.355736803288
0.0
0.0
0.0
0.0
0.0
0.0
0.0
0.0
0.0
0.0
0.0
0.0
0.0
0.0
0.0
0.0
0.0
0.0
0.0
0.0
0.0
0.0
0.0
0.0
0.0
0.0
0.0
0.0
0.0
0.0
0.0
0.0
0.0
0.0
0.0
0.0
0.0
0.0
0.0
0.0
0.0
0.0
0.0
0.0
0.0
0.0
0.0
