0.0
0.0
0.0
0.0
0.0
0.0
0.0
0.0
0.0
0.0
0.0
0.0
0.0
0.0
0.0
0.0
0.0
0.0
0.0
0.0
0.0
0.0
0.0
0.0
0.0
0.0
0.0
0.0
0.0
0.0
0.0
0.0
0.0
0.0
0.0
0.0
0.0
0.0
0.0
0.0
0.0
0.0
0.0
0.0
0.0
0.380810795795
0.0
0.121607556557
0.0
0.393095015014
0.0
0.104235051825
0.0
0.0
0.348709900527
0.0
0.251607253737
0.0
0.298894200451
0.0
0.10064289878
0.0
0.0
0.0
0.0
0.0
0.0
0.0
0.0
0.0
0.0
0.0
0.552009046863
0.0
0.260219555756
0.0
0.184003015621
0.0
0.0
0.0
0.0
0.237304760691
0.0
0.436279693322
0.0
0.32629404595
0.0
0.0
0.0
0.0
0.303611432436
0.0
0.0858742772061
0.0
0.323852194599
0.0
0.286247564949
0.0
0.0
0.0
0.0
0.0
0.0
0.0
0.0
0.0
0.0
0.0
0.0
0.0
0.0
0.0
0.0
0.0
0.0
0.0
0.0
0.0
0.0
0.0
0.0
0.0
0.0
0.0
0.0
0.0
0.0
0.0
0.0
0.0
0.0
0.0
0.0
0.0
0.0
0.0
0.0
0.0
0.0
0.0
0.0
0.0
0.0
0.0
