0.0
0.0
0.0
0.0
0.0
0.0
0.0
0.0
0.0
0.0
0.0
0.0
0.0
0.0
0.0
0.0
0.0
0.0
0.0
0.0
0.0
0.0
0.0
0.0
0.0
0.0
0.0
0.0
0.0
0.0
0.0
0.0
0.0
0.0
0.0
0.0
0.0
0.0
0.0
0.0
0.0
0.0
0.0
0.0
0.0
0.0259157352692
0.0
0.265715300911
0.0
0.634935514095
0.0
0.0733007611598
0.0
0.0
0.0438589324244
0.0
0.38249313777
0.0
0.387420569749
0.0
0.1860776549
0.0
0.0
0.0
0.0
0.0
0.0
0.0
0.0
0.0
0.0
0.0
0.102401027919
0.0
0.434450698981
0.0
0.281602826778
0.0
0.181021153059
0.0
0.0
0.020370889892
0.0
0.468143089258
0.0
0.504179524827
0.0
0.00720219706745
0.0
0.0
0.0
0.0
0.166512061201
0.0
0.802116213396
0.0
0.0312210158614
0.0
0.0
0.29260069903
0.0
0.20689992911
0.0
0.29260069903
0.0
0.20689992911
0.0
0.0
0.0
0.0
0.0
0.0
0.0
0.0
0.0
0.0
0.0
0.0
0.0
0.0
0.0
0.0
0.0
0.0
0.0
0.0
0.0
0.0
0.0
0.0
0.0
0.0
0.0
0.0
0.0
0.0
0.0
0.0
0.0
0.0
0.0
0.0
0.0
0.0
