0.0
0.0
0.0
0.0
0.0
0.0
0.0
0.0
0.0
0.0
0.0
0.264900117941
0.0
0.468281682347
0.0
0.264900117941
0.0
0.0
0.439010658226
0.0
0.155213699705
0.0
0.146336886075
0.0
0.258689511138
0.0
0.0
0.0
0.0
0.0
0.0
0.0
0.0
0.0
0.0
0.0
0.0
0.0
0.0
0.0
0.0
0.0
0.0
0.0
0.0
0.37696529264
0.0
0.172235318671
0.0
0.0405962622844
0.0
0.410084353339
0.0
0.0
0.189285522106
0.0
0.679521556147
0.0
0.131043822997
0.0
0.0
0.0
0.0
0.0
0.0
0.0
0.0
0.0
0.0
0.0
0.0
0.0
0.31985258658
0.0
0.678509768176
0.0
0.0
0.0
0.0
0.0
0.0
0.373946961094
0.0
0.439639058543
0.0
0.0270323104405
0.0
0.159289399636
0.0
0.0
0.615986062675
0.0
0.0746687832584
0.0
0.0351992035814
0.0
0.27378551064
0.0
0.0
0.0
0.0
0.0
0.0
0.0
0.0
0.0
0.0
0.0
0.262359458081
0.0
0.123677432495
0.0
0.612172068856
0.0
0.0
0.0
0.0
0.259563343866
0.0
0.146831197963
0.0
0.519126687732
0.0
0.0734155989816
0.0
0.0
0.31843617422
0.0
0.0500374165139
0.0
0.530726957033
0.0
0.100074833028
0.0
0.0
0.0
0.0
0.0
0.0
0.0
0.0
0.0
0.0
0.0
