0.0
0.0
0.0
0.0
0.0
0.0
0.0
0.0
0.0
0.0
0.0
0.0
0.0
0.0
0.0
0.0
0.0
0.0
0.0
0.0
0.0
0.0
0.0
0.0
0.0
0.0
0.0
0.0
0.0
0.0
0.0
0.0
0.0
0.0
0.0
0.0
0.0
0.0
0.0
0.0
0.0
0.0
0.0
0.0
0.0
0.0822234965026
0.0
0.20349275609
0.0
0.452229230764
0.0
0.261633532342
0.0
0.0
0.00756920059193
0.0
0.390713262089
0.0
0.537413242027
0.0
0.0642267866782
0.0
0.0
0.201691513511
0.0
0.38031312653
0.0
0.36976777477
0.0
0.0475391448235
0.0
0.0
0.105765632763
0.0
0.336544142214
0.0
0.370179714672
0.0
0.186968990311
0.0
0.0
0.00759011047078
0.0
0.391792605525
0.0
0.58443850625
0.0
0.0161010550236
0.0
0.0
0.0569774881635
0.0
0.147726928497
0.0
0.674233609935
0.0
0.120867490245
0.0
0.0
0.0
0.0
0.0
0.0
0.0
0.0
0.0
0.0
0.0
0.0
0.0
0.0
0.0
0.0
0.0
0.0
0.0
0.0
0.0
0.0
0.0
0.0
0.0
0.0
0.0
0.0
0.0
0.0
0.0
0.0
0.0
0.0
0.0
0.0
0.0
0.0
0.0
0.0
0.0
0.0
0.0
0.0
0.0
0.0
0.0
