0.0
0.0
0.0
0.0
0.0
0.0
0.0
0.0
0.0
0.0
0.0
0.0
0.0
0.0
0.0
0.0
0.0
0.0
0.0
0.0
0.0
0.0
0.0
0.0
0.0
0.0
0.0
0.0
0.0
0.0
0.0
0.0
0.0
0.0
0.0
0.0
0.584034789115
0.0
0.206487476382
0.0
0.0
0.0
0.206487476382
0.0
0.0
0.0903415327083
0.0
0.187885598506
0.0
0.616448105539
0.0
0.105215928271
0.0
0.0
0.218322388324
0.0
0.411672578503
0.0
0.266838474619
0.0
0.102918156193
0.0
0.0
0.0
0.0
0.0
0.0
0.0
0.0
0.0
0.0
0.0
0.0
0.0
0.0
0.0
0.0
0.0
0.0
0.0
0.0
0.201179685854
0.0
0.398315622834
0.0
0.367871425561
0.0
0.0325155468959
0.0
0.0
0.0473754420794
0.0
0.0558324939125
0.0
0.773798887297
0.0
0.122831468535
0.0
0.0
0.0
0.0
0.0
0.0
0.0
0.0
0.0
0.0
0.0
0.0
0.0
0.0
0.0
0.0
0.0
0.0
0.0
0.0
0.0
0.0
0.0
0.0
0.0
0.0
0.0
0.0
0.0
0.0
0.0
0.0
0.0
0.0
0.0
0.0
0.0
0.0
0.0
0.0
0.0
0.0
0.0
0.0
0.0
0.0
0.0
