0.0
0.0
0.0
0.0
0.0
0.0
0.0
0.0
0.0
0.24831750701
0.0
0.0
0.0
0.165545004673
0.0
0.585289897893
0.0
0.0
0.264270968885
0.0
0.44848268573
0.0
0.211416775108
0.0
0.0747471163885
0.0
0.0
0.0
0.0
0.0
0.0
0.0
0.0
0.0
0.0
0.0
0.0
0.0
0.0
0.0
0.995920708777
0.0
0.0
0.0
0.0
0.613500857764
0.0
0.0653048189831
0.0
0.0131935668336
0.0
0.307865654295
0.0
0.0
0.305504434829
0.0
0.661861971449
0.0
0.0325004717903
0.0
0.0
0.0
0.0
0.0
0.0
0.0
0.0
0.0
0.0
0.0
0.0
0.0
0.56756652838
0.0
0.341130554803
0.0
0.0709458160475
0.0
0.0200665067062
0.0
0.0
0.258447250816
0.0
0.460847570823
0.0
0.0898946959362
0.0
0.190695417213
0.0
0.0
0.369072417172
0.0
0.220823790395
0.0
0.0283901859363
0.0
0.381422890992
0.0
0.0
0.0
0.0
0.0
0.0
0.0
0.0
0.0
0.0
0.0
0.0
0.0
0.0
0.0
0.0
0.0
0.0
0.0
0.0
0.0
0.0
0.0
0.0
0.0
0.0
0.0
0.0
0.0
0.062814170381
0.0
0.266497942937
0.0
0.314070851905
0.0
0.355330600567
0.0
0.0
0.0
0.0
0.0
0.0
0.0
0.0
0.0
0.0
0.0
