0.0
0.0
0.0
0.0
0.0
0.0
0.0
0.0
0.0
0.0
0.0
0.0
0.0
0.0
0.0
0.0
0.0
0.0
0.0
0.0
0.292273371128
0.0
0.413336972444
0.0
0.292273371128
0.0
0.0
0.0
0.0
0.0
0.0
0.0
0.0
0.0
0.0
0.0
0.0
0.0
0.0
0.0
0.0
0.0
0.0
0.0
0.0
0.36180042943
0.0
0.276801384913
0.0
0.0593115458081
0.0
0.301965169803
0.0
0.0
0.48508054079
0.0
0.457338234824
0.0
0.0
0.0
0.0571672889907
0.0
0.0
0.0
0.0
0.0
0.0
0.0
0.0
0.0
0.0
0.0
0.0
0.0
0.0
0.0
0.0
0.0
0.0
0.0
0.0
0.347267510905
0.0
0.418888520644
0.0
0.0459618764433
0.0
0.187777503205
0.0
0.0
0.225112009077
0.0
0.0561805485698
0.0
0.119176945982
0.0
0.59925930261
0.0
0.0
0.0
0.0
0.0
0.0
0.0
0.0
0.0
0.0
0.0
0.0
0.0
0.0
0.0
0.0
0.0
0.0
0.0
0.0
0.0
0.0
0.0
0.0
0.0
0.0
0.0
0.0
0.0
0.0
0.0
0.0
0.0
0.0
0.0
0.0
0.0
0.0
0.0
0.0
0.0
0.0
0.0
0.0
0.0
0.0
0.0
