0.0
0.0
0.0
0.0
0.0
0.0
0.0
0.0
0.0
0.0
0.0
0.0
0.0
0.0
0.0
0.0
0.0
0.0
0.0
0.0
0.0
0.0
0.0
0.0
0.0
0.0
0.0
0.0
0.0
0.0
0.0
0.0
0.0
0.0
0.0
0.0
0.0
0.0
0.0
0.0
0.0
0.0
0.0
0.0
0.0
0.178327904513
0.0
0.336258327875
0.0
0.365147614002
0.0
0.120092241445
0.0
0.0
0.130070769694
0.0
0.406621706935
0.0
0.424441459
0.0
0.0387258617728
0.0
0.0
0.0
0.0
0.0
0.0
0.0
0.0
0.0
0.0
0.0
0.191298469674
0.0
0.439622373609
0.0
0.334772321929
0.0
0.0338171107055
0.0
0.0
0.123196529428
0.0
0.375256624589
0.0
0.488047789657
0.0
0.0134020153671
0.0
0.0
0.176916953157
0.0
0.0893565551803
0.0
0.429655457668
0.0
0.303812229766
0.0
0.0
0.0
0.0
0.0
0.0
0.0
0.0
0.0
0.0
0.0
0.0
0.0
0.0
0.0
0.0
0.0
0.0
0.0
0.0
0.0
0.0
0.0
0.0
0.0
0.0
0.0
0.0
0.0
0.0
0.0
0.0
0.0
0.0
0.0
0.0
0.0
0.0
0.0
0.0
0.0
0.0
0.0
0.0
0.0
0.0
0.0
