0.0
0.0
0.0
0.0
0.0
0.0
0.0
0.0
0.0
0.0
0.0
0.0
0.0
0.0
0.0
0.0
0.0
0.0
0.0
0.0
0.0
0.0
0.0
0.0
0.0
0.0
0.0
0.0
0.0
0.0
0.0
0.0
0.0
0.0
0.0
0.0
0.0
0.0
0.0
0.0
0.0
0.0
0.0
0.0
0.0
0.0593988995759
0.0
0.0466681829715
0.0
0.613788628951
0.0
0.280009123006
0.0
0.0
0.29500874065
0.0
0.214923933409
0.0
0.312888058265
0.0
0.176996183464
0.0
0.0
0.0
0.0
0.0
0.0
0.0
0.0
0.0
0.0
0.0
0.0
0.0
0.0
0.0
0.0
0.0
0.0
0.0
0.0
0.242867603501
0.0
0.250637826976
0.0
0.413531324881
0.0
0.092828814141
0.0
0.0
0.0398279711231
0.0
0.0657127946636
0.0
0.809835412836
0.0
0.0844878752357
0.0
0.0
0.67252267687
0.0
0.0
0.0
0.134504535374
0.0
0.190218134871
0.0
0.0
0.0
0.0
0.0
0.0
0.0
0.0
0.0
0.0
0.0
0.0
0.0
0.0
0.0
0.0
0.0
0.0
0.0
0.0
0.0
0.0
0.0
0.0
0.0
0.0
0.0
0.0
0.0
0.0
0.0
0.0
0.0
0.0
0.0
0.0
0.0
0.0
