0.0
0.0
0.0
0.0
0.0
0.0
0.0
0.0
0.0
0.497751622351
0.0
0.0782141203305
0.0
0.110611471634
0.0
0.31285645495
0.0
0.0
0.324223355405
0.0
0.305680705737
0.0
0.216148903603
0.0
0.152840352868
0.0
0.0
0.0
0.0
0.0
0.0
0.0
0.0
0.0
0.0
0.0
0.0
0.0
0.0
0.0
0.0
0.0
0.0
0.0
0.0
0.688621599799
0.0
0.0
0.0
0.0
0.0
0.311233008753
0.0
0.0
0.346012382457
0.0
0.620407773632
0.0
0.0247151701755
0.0
0.00873813206508
0.0
0.0
0.0
0.0
0.0
0.0
0.0
0.0
0.0
0.0
0.0
0.0
0.0
0.0
0.0
0.0
0.0
0.0
0.0
0.0
0.512803557284
0.0
0.337599495404
0.0
0.0618900844998
0.0
0.0875257901081
0.0
0.0
0.644210403734
0.0
0.316078889322
0.0
0.0394414532898
0.0
0.0
0.0
0.0
0.0
0.0
0.0
0.0
0.0
0.0
0.0
0.0
0.0
0.0
0.0
0.0
0.0
0.0
0.0
0.0
0.0
0.0
0.247494526951
0.0
0.262507546099
0.0
0.402178606296
0.0
0.0875025276594
0.0
0.0
0.678049836916
0.0
0.319635752974
0.0
0.0
0.0
0.0
0.0
0.0
0.0
0.0
0.0
0.0
0.0
0.0
0.0
0.0
0.0
