0.0
0.0
0.0
0.0
0.0
0.0
0.0
0.0
0.0
0.271861531839
0.0
0.219697290763
0.0
0.233024170148
0.0
0.274621618083
0.0
0.0
0.0
0.0
0.0
0.0
0.0
0.0
0.0
0.0
0.0
0.0
0.0
0.0
0.0
0.0
0.0
0.0
0.0
0.0
0.0
0.0
0.0
0.0
0.0
0.0
0.0
0.0
0.0
0.173795518282
0.0
0.210671940933
0.0
0.32276310538
0.0
0.292599943395
0.0
0.0
0.165889150884
0.0
0.315811382401
0.0
0.382821117425
0.0
0.135347679682
0.0
0.0
0.0
0.0
0.0
0.0
0.0
0.0
0.0
0.0
0.0
0.588102423814
0.0
0.221787309223
0.0
0.0784136565085
0.0
0.110893654612
0.0
0.0
0.154630917335
0.0
0.328021843323
0.0
0.401073941837
0.0
0.116174333718
0.0
0.0
0.290403392349
0.0
0.283236091606
0.0
0.270375572187
0.0
0.155779858979
0.0
0.0
0.0
0.0
0.0
0.0
0.0
0.0
0.0
0.0
0.0
0.403513606122
0.0
0.0
0.0
0.403513606122
0.0
0.190218134871
0.0
0.0
0.0
0.0
0.258068462374
0.0
0.547445888634
0.0
0.193551341342
0.0
0.0
0.0792625264964
0.0
0.0373647126803
0.0
0.845466949295
0.0
0.0373647126803
0.0
0.0
0.0
0.0
0.0
0.0
0.0
0.0
0.0
0.0
0.0
