0.186830911248
0.0
0.0330273505044
0.0
0.35030795859
0.0
0.429355492525
0.0
0.0
0.250056012085
0.0
0.0
0.0
0.325072815711
0.0
0.424359057492
0.0
0.0
0.349610146757
0.0
0.309014576281
0.0
0.320475967861
0.0
0.0206009751094
0.0
0.0
0.0
0.0
0.0
0.0
0.0
0.0
0.0
0.0
0.0
0.190001350129
0.0
0.0
0.0
0.0
0.0
0.80610742222
0.0
0.0
0.227423563589
0.0
0.0094595730155
0.0
0.0535114267269
0.0
0.709468447416
0.0
0.0
0.468089446428
0.0
0.531753398295
0.0
0.0
0.0
0.0
0.0
0.0
0.0
0.0
0.0
0.0
0.0
0.0
0.0
0.0
0.0
0.0
0.0
0.0
0.0
0.0
0.0
0.0
0.0
0.0
0.461103865368
0.0
0.467810480139
0.0
0.0
0.0
0.0708803630325
0.0
0.0
0.342164732411
0.0
0.024194699843
0.0
0.0769870647924
0.0
0.556478314611
0.0
0.0
0.0
0.0
0.0
0.0
0.0
0.0
0.0
0.0
0.0
0.0
0.0
0.0
0.0
0.0
0.0
0.0
0.0
0.0
0.175935935577
0.0
0.344507452153
0.0
0.4601401392
0.0
0.0191393063033
0.0
0.0
0.226997983684
0.0
0.0377674849015
0.0
0.413937499658
0.0
0.32102356595
0.0
0.0
0.0
0.0
0.0
0.0
0.0
0.0
0.0
0.0
0.0
