0.0
0.0
0.0
0.0
0.0
0.0
0.0
0.0
0.0
0.0
0.0
0.0
0.0
0.0
0.0
0.0
0.0
0.0
0.0
0.0
0.0
0.0
0.0
0.0
0.0
0.0
0.0
0.0
0.0
0.0
0.0
0.0
0.0
0.0
0.0
0.0
0.0975822961962
0.0
0.172502758366
0.0
0.487911480981
0.0
0.2415038431
0.0
0.0
0.0
0.0
0.192626843126
0.0
0.693421402231
0.0
0.113824957587
0.0
0.0
0.0390349756272
0.0
0.420929144231
0.0
0.512334055107
0.0
0.027601895497
0.0
0.0
0.408067311349
0.0
0.173128289994
0.0
0.24484038681
0.0
0.173128289994
0.0
0.0
0.0874025347161
0.0
0.226610691566
0.0
0.582683564774
0.0
0.103004874958
0.0
0.0
0.0572709813964
0.0
0.418466125805
0.0
0.510666250784
0.0
0.0134988995392
0.0
0.0
0.0
0.0
0.0624747033262
0.0
0.854074908522
0.0
0.0832995997538
0.0
0.0
0.216520062691
0.0
0.119079949919
0.0
0.408982340639
0.0
0.255171295035
0.0
0.0
0.0
0.0
0.0
0.0
0.0
0.0
0.0
0.0
0.0
0.0
0.0
0.0
0.0
0.0
0.0
0.0
0.0
0.0
0.0
0.0
0.0
0.0
0.0
0.0
0.0
0.0
0.0
0.0
0.0
0.0
0.0
0.0
0.0
0.0
0.0
0.0
