0.0
0.0
0.0
0.0
0.0
0.0
0.0
0.0
0.0
0.0
0.0
0.0
0.0
0.0
0.0
0.0
0.0
0.0
0.0
0.0
0.0
0.0
0.0
0.0
0.0
0.0
0.0
0.0
0.0
0.0
0.0
0.0
0.0
0.0
0.0
0.0
0.272241821407
0.0
0.105002197819
0.0
0.272241821407
0.0
0.350007294594
0.0
0.0
0.0247017007551
0.0
0.253267745676
0.0
0.6607704952
0.0
0.0611335856607
0.0
0.0
0.151063737592
0.0
0.516288202798
0.0
0.314716119984
0.0
0.0178030319025
0.0
0.0
0.0
0.0
0.0
0.0
0.0
0.0
0.0
0.0
0.0
0.452731760554
0.0
0.26677474822
0.0
0.226365880277
0.0
0.0533549487445
0.0
0.0
0.0392263767135
0.0
0.402190145533
0.0
0.509942897275
0.0
0.0485401609538
0.0
0.0
0.0654440471191
0.0
0.18510368588
0.0
0.617043872837
0.0
0.13221692358
0.0
0.0
0.0
0.0
0.0
0.0
0.0
0.0
0.0
0.0
0.0
0.0
0.0
0.0
0.0
0.0
0.0
0.0
0.0
0.0
0.0
0.0
0.0
0.0
0.0
0.0
0.0
0.0
0.0
0.0
0.0
0.0
0.0
0.0
0.0
0.0
0.0
0.0
0.0
0.0
0.0
0.0
0.0
0.0
0.0
0.0
0.0
