0.0
0.0
0.0
0.0
0.0
0.0
0.0
0.0
0.0
0.0
0.0
0.0
0.0
0.0
0.0
0.0
0.0
0.0
0.427210996405
0.0
0.439394562796
0.0
0.0776747266192
0.0
0.0549243249792
0.0
0.0
0.0
0.0
0.0
0.0
0.0
0.0
0.0
0.0
0.0
0.0
0.0
0.0
0.0
0.0
0.0
0.0
0.0
0.0
0.302310681468
0.0
0.178138258144
0.0
0.0705391590093
0.0
0.448908712666
0.0
0.0
0.506865073719
0.0
0.470410049843
0.0
0.0
0.0
0.02240048279
0.0
0.0
0.0
0.0
0.0
0.0
0.0
0.0
0.0
0.0
0.0
0.0
0.0
0.0
0.0
0.0
0.0
0.0
0.0
0.0
0.490024417073
0.0
0.359657928154
0.0
0.0186085221673
0.0
0.131582098428
0.0
0.0
0.202771354582
0.0
0.0
0.0
0.0289673363689
0.0
0.768112996287
0.0
0.0
0.0
0.0
0.0
0.0
0.0
0.0
0.0
0.0
0.0
0.0
0.0
0.0
0.0
0.0
0.0
0.0
0.0
0.0
0.0
0.0
0.0
0.0
0.993219620723
0.0
0.0
0.0
0.0
0.226278464412
0.0
0.0800015169421
0.0
0.452556928825
0.0
0.240004544083
0.0
0.0
0.0
0.0
0.0
0.0
0.0
0.0
0.0
0.0
0.0
