0.0
0.0
0.0
0.0
0.0
0.0
0.0
0.0
0.0
0.0
0.0
0.0
0.0
0.0
0.0
0.0
0.0
0.0
0.0
0.0
0.0
0.0
0.0
0.0
0.0
0.0
0.0
0.0
0.0
0.0
0.0
0.0
0.0
0.0
0.0
0.0
0.335166916334
0.0
0.258544133077
0.0
0.0609394393334
0.0
0.344725491397
0.0
0.0
0.0300449256986
0.0
0.263437668725
0.0
0.612916484251
0.0
0.0934778573101
0.0
0.0
0.0726622197741
0.0
0.499119798959
0.0
0.384071733092
0.0
0.0440399537274
0.0
0.0
0.0
0.0
0.0
0.0
0.0
0.0
0.0
0.0
0.0
0.519126687732
0.0
0.146831197963
0.0
0.259563343866
0.0
0.0734155989816
0.0
0.0
0.00964182063736
0.0
0.477246067019
0.0
0.506195583461
0.0
0.00681779663898
0.0
0.0
0.0659405577983
0.0
0.139881029918
0.0
0.747326321714
0.0
0.0466270134663
0.0
0.0
0.0
0.0
0.0
0.0
0.0
0.0
0.0
0.0
0.0
0.0
0.0
0.0
0.0
0.0
0.0
0.0
0.0
0.0
0.0
0.0
0.0
0.0
0.0
0.0
0.0
0.0
0.0
0.0
0.0
0.0
0.0
0.0
0.0
0.0
0.0
0.0
0.0
0.0
0.0
0.0
0.0
0.0
0.0
0.0
0.0
