0.0
0.0
0.0
0.0
0.0
0.0
0.0
0.0
0.0
0.0
0.0
0.0
0.0
0.0
0.0
0.0
0.0
0.0
0.0
0.0
0.0
0.0
0.0
0.0
0.0
0.0
0.0
0.0
0.0
0.0
0.0
0.0
0.0
0.0
0.0
0.0
0.0
0.0
0.0
0.0
0.0
0.0
0.0
0.0
0.0
0.122526350863
0.0
0.339892450306
0.0
0.230915045857
0.0
0.306569639911
0.0
0.0
0.0884159039907
0.0
0.500155803386
0.0
0.265247711972
0.0
0.145878787699
0.0
0.0
0.0
0.0
0.0
0.0
0.0
0.0
0.0
0.0
0.0
0.241101431299
0.0
0.579647043369
0.0
0.144660858779
0.0
0.0340968908215
0.0
0.0
0.184522201459
0.0
0.639337076981
0.0
0.110713320876
0.0
0.0652384499491
0.0
0.0
0.118357153776
0.0
0.0697426216798
0.0
0.128220249924
0.0
0.68347797841
0.0
0.0
0.0
0.0
0.0
0.0
0.0
0.0
0.0
0.0
0.0
0.0
0.0
0.0
0.0
0.0
0.0
0.0
0.0
0.0
0.0
0.0
0.0
0.0
0.0
0.0
0.0
0.0
0.0
0.0
0.0
0.0
0.0
0.0
0.0
0.0
0.0
0.0
0.0
0.0
0.0
0.0
0.0
0.0
0.0
0.0
0.0
