0.0
0.0
0.0
0.0
0.0
0.0
0.0
0.0
0.0
0.0
0.0
0.0
0.0
0.0
0.0
0.0
0.0
0.0
0.0
0.0
0.0
0.0
0.0
0.0
0.0
0.0
0.0
0.0
0.0
0.0
0.0
0.0
0.0
0.0
0.0
0.0
0.0
0.0
0.0
0.0
0.0
0.0
0.0
0.0
0.0
0.307991980536
0.0
0.32846005851
0.0
0.0706866840575
0.0
0.292757872375
0.0
0.0
0.227121460587
0.0
0.562096947956
0.0
0.17034109544
0.0
0.0401497805464
0.0
0.0
0.0
0.0
0.0
0.0
0.0
0.0
0.0
0.0
0.0
0.284064539606
0.0
0.451943860766
0.0
0.213048404704
0.0
0.050215989703
0.0
0.0
0.271910244098
0.0
0.571879040993
0.0
0.0278882301639
0.0
0.128179697007
0.0
0.0
0.644778145682
0.0
0.0876782690493
0.0
0.0743974783479
0.0
0.192892163528
0.0
0.0
0.0
0.0
0.0
0.0
0.0
0.0
0.0
0.0
0.0
0.0
0.0
0.0
0.0
0.0
0.0
0.0
0.0
0.0
0.0
0.0
0.0
0.0
0.0
0.0
0.0
0.0
0.0
0.0
0.0
0.0
0.0
0.0
0.0
0.0
0.0
0.0
0.0
0.0
0.0
0.0
0.0
0.0
0.0
0.0
0.0
