0.0
0.0
0.0
0.0
0.0
0.0
0.0
0.0
0.0
0.0
0.0
0.0
0.0
0.0
0.0
0.0
0.0
0.0
0.0
0.0
0.0
0.0
0.0
0.0
0.0
0.0
0.0
0.0
0.0
0.0
0.0
0.0
0.0
0.0
0.0
0.0
0.0
0.0
0.0
0.0
0.0
0.0
0.0
0.0
0.0
0.0779761140565
0.0
0.41515271989
0.0
0.467856684339
0.0
0.0389205434308
0.0
0.0
0.368359979832
0.0
0.260469827881
0.0
0.15348332493
0.0
0.217058199659
0.0
0.0
0.0
0.0
0.0
0.0
0.0
0.0
0.0
0.0
0.0
0.474096528888
0.0
0.251427641518
0.0
0.148155165278
0.0
0.125713820759
0.0
0.0
0.100541790807
0.0
0.179279982142
0.0
0.66445009577
0.0
0.0556386053723
0.0
0.0
0.0572943398113
0.0
0.051562271182
0.0
0.854206520823
0.0
0.0368301965399
0.0
0.0
0.997082820548
0.0
0.0
0.0
0.0
0.0
0.0
0.0
0.0
0.0
0.0
0.0
0.0
0.0
0.0
0.0
0.0
0.0
0.0
0.0
0.0
0.0
0.0
0.0
0.0
0.0
0.0
0.0
0.0
0.0
0.0
0.0
0.0
0.0
0.0
0.0
0.0
0.0
0.0
0.0
0.0
0.0
0.0
0.0
0.0
