0.0
0.0
0.0
0.0
0.0
0.0
0.0
0.0
0.0
0.0
0.0
0.0
0.0
0.0
0.0
0.0
0.0
0.0
0.0
0.0
0.0
0.0
0.0
0.0
0.0
0.0
0.0
0.0
0.0
0.0
0.0
0.0
0.0
0.0
0.0
0.0
0.0
0.0
0.0
0.0
0.0
0.0
0.0
0.0
0.0
0.102315490633
0.0
0.372075406249
0.0
0.453111458518
0.0
0.0723479716529
0.0
0.0
0.139679359639
0.0
0.352743803551
0.0
0.443980821711
0.0
0.0634938496244
0.0
0.0
0.0
0.0
0.0
0.0
0.0
0.0
0.0
0.0
0.0
0.526576072897
0.0
0.16548689137
0.0
0.0585084525441
0.0
0.248230330081
0.0
0.0
0.0849178192604
0.0
0.270206915059
0.0
0.599732098526
0.0
0.0450344723458
0.0
0.0
0.171362282948
0.0
0.207722414872
0.0
0.563047501115
0.0
0.0577006820386
0.0
0.0
0.0
0.0
0.0
0.0
0.0
0.0
0.0
0.0
0.0
0.0
0.0
0.0
0.0
0.0
0.0
0.0
0.0
0.0
0.0
0.0
0.0
0.0
0.0
0.0
0.0
0.0
0.0
0.0
0.0
0.0
0.0
0.0
0.0
0.0
0.0
0.0
0.0
0.0
0.0
0.0
0.0
0.0
0.0
0.0
0.0
