0.0
0.0
0.0
0.0
0.0
0.0
0.0
0.0
0.0
0.0
0.0
0.0
0.0
0.0
0.0
0.0
0.0
0.0
0.0
0.0
0.0
0.0
0.0
0.0
0.0
0.0
0.0
0.0
0.0
0.0
0.0
0.0
0.0
0.0
0.0
0.0
0.532712043612
0.0
0.12556143067
0.0
0.0887853406019
0.0
0.251122861341
0.0
0.0
0.028154890639
0.0
0.310572918603
0.0
0.653193462824
0.0
0.00796340550147
0.0
0.0
0.163516149811
0.0
0.39642294906
0.0
0.373751199569
0.0
0.0660705007922
0.0
0.0
0.0
0.0
0.0
0.0
0.0
0.0
0.0
0.0
0.0
0.0
0.0
0.0
0.0
0.0
0.0
0.0
0.0
0.0
0.070447161917
0.0
0.416623543833
0.0
0.467512983631
0.0
0.0452851508128
0.0
0.0
0.0302332310657
0.0
0.0748234236773
0.0
0.755830776641
0.0
0.138957774472
0.0
0.0
0.0
0.0
0.0
0.0
0.0
0.0
0.0
0.0
0.0
0.0
0.0
0.0
0.0
0.0
0.0
0.0
0.0
0.0
0.0
0.0
0.0
0.0
0.0
0.0
0.0
0.0
0.0
0.0
0.0
0.0
0.0
0.0
0.0
0.0
0.0
0.0
0.0
0.0
0.0
0.0
0.0
0.0
0.0
0.0
0.0
