0.0
0.0
0.0
0.0
0.0
0.0
0.0
0.0
0.0
0.0
0.0
0.0
0.0
0.0
0.0
0.0
0.0
0.0
0.187492485899
0.0
0.331443020416
0.0
0.281238728848
0.0
0.198865803309
0.0
0.0
0.0
0.0
0.0
0.0
0.0
0.0
0.0
0.0
0.0
0.584909304013
0.0
0.206796664084
0.0
0.0
0.0
0.206796664084
0.0
0.0
0.253891542575
0.0
0.201969481284
0.0
0.0952093284657
0.0
0.448821320617
0.0
0.0
0.407665830344
0.0
0.59210852111
0.0
0.0
0.0
0.0
0.0
0.0
0.0
0.0
0.0
0.0
0.0
0.0
0.0
0.0
0.0
0.0
0.0
0.0
0.0
0.0
0.0
0.0
0.0
0.0
0.434777859746
0.0
0.356445769874
0.0
0.0126022568042
0.0
0.196045066467
0.0
0.0
0.132668580509
0.0
0.0
0.0
0.0580425039725
0.0
0.809119099736
0.0
0.0
0.0
0.0
0.0
0.0
0.0
0.0
0.0
0.0
0.0
0.0
0.0
0.0
0.0
0.0
0.0
0.0
0.0
0.0
0.057926954363
0.0
0.16384216617
0.0
0.695123452356
0.0
0.0819210830851
0.0
0.0
0.0449173328984
0.0
0.0635227002835
0.0
0.763594659273
0.0
0.127045400567
0.0
0.0
0.0
0.0
0.0
0.0
0.0
0.0
0.0
0.0
0.0
