0.0
0.0
0.0
0.0
0.0
0.0
0.0
0.0
0.0
0.0
0.0
0.0
0.0
0.0
0.0
0.0
0.0
0.0
0.0
0.0
0.0
0.0
0.0
0.0
0.0
0.0
0.0
0.0
0.0
0.0
0.0
0.0
0.0
0.0
0.0
0.0
0.0
0.0
0.0
0.0
0.0
0.0
0.0
0.0
0.0
0.5483256505
0.0
0.109047582896
0.0
0.197054530648
0.0
0.145396771748
0.0
0.0
0.306226811982
0.0
0.359530048573
0.0
0.317782540736
0.0
0.0163422680474
0.0
0.0
0.0
0.0
0.0
0.0
0.0
0.0
0.0
0.0
0.0
0.304104945171
0.0
0.297740275046
0.0
0.397675697531
0.0
0.0
0.0
0.0
0.367529299115
0.0
0.288758385832
0.0
0.285856121534
0.0
0.0577516518522
0.0
0.0
0.570597166321
0.0
0.0278257323259
0.0
0.206595525737
0.0
0.19478009579
0.0
0.0
0.0
0.0
0.0
0.0
0.0
0.0
0.0
0.0
0.0
0.0
0.0
0.0
0.0
0.0
0.0
0.0
0.0
0.0
0.0
0.0
0.0
0.0
0.0
0.0
0.0
0.0
0.0
0.0
0.0
0.0
0.0
0.0
0.0
0.0
0.0
0.0
0.0
0.0
0.0
0.0
0.0
0.0
0.0
0.0
0.0
