0.0
0.0
0.0
0.0
0.0
0.0
0.0
0.0
0.0
0.0
0.0
0.0
0.0
0.0
0.0
0.0
0.0
0.0
0.0
0.0
0.0
0.0
0.0
0.0
0.0
0.0
0.0
0.0
0.0
0.0
0.0
0.0
0.0
0.0
0.0
0.0
0.349638078647
0.0
0.211912651431
0.0
0.249741484748
0.0
0.188366804801
0.0
0.0
0.177181560001
0.0
0.359311837424
0.0
0.387793603022
0.0
0.0756445339244
0.0
0.0
0.358403597717
0.0
0.325838036443
0.0
0.0256002569798
0.0
0.289633815597
0.0
0.0
0.0
0.0
0.0
0.0
0.0
0.0
0.0
0.0
0.0
0.179755060204
0.0
0.457581670023
0.0
0.311575437687
0.0
0.0508424065105
0.0
0.0
0.1090571341
0.0
0.374558927455
0.0
0.508933292466
0.0
0.00734428930847
0.0
0.0
0.0
0.0
0.254739735613
0.0
0.734923113002
0.0
0.0101895903522
0.0
0.0
0.221222935975
0.0
0.195535297677
0.0
0.387140137955
0.0
0.195535297677
0.0
0.0
0.0
0.0
0.0
0.0
0.0
0.0
0.0
0.0
0.0
0.0
0.0
0.0
0.0
0.0
0.0
0.0
0.0
0.0
0.0
0.0
0.0
0.0
0.0
0.0
0.0
0.0
0.0
0.0
0.0
0.0
0.0
0.0
0.0
0.0
0.0
0.0
