0.117366390786
0.0
0.020747642347
0.0
0.674856747021
0.0
0.186728761885
0.0
0.0
0.0
0.0
0.0744373006156
0.0
0.872239199512
0.0
0.0531695045374
0.0
0.0
0.0204606928513
0.0
0.130211036323
0.0
0.849118753331
0.0
0.0
0.0
0.0
0.362129449324
0.0
0.256064184902
0.0
0.316863268158
0.0
0.0640160462255
0.0
0.0
0.0
0.0
0.0
0.0
0.0
0.0
0.0
0.0
0.0
0.212486437297
0.0
0.664266060992
0.0
0.123018463699
0.0
0.0
0.0
0.0
0.155120823858
0.0
0.699254849122
0.0
0.145425772366
0.0
0.0
0.0
0.0
0.0
0.0
0.0
0.0
0.0
0.0
0.0
0.0
0.0
0.297852186363
0.0
0.576415313444
0.0
0.12541144689
0.0
0.0
0.0
0.0
0.134996476471
0.0
0.454556976774
0.0
0.392132622131
0.0
0.0181822709172
0.0
0.0
0.0
0.0
0.120814982308
0.0
0.697670959824
0.0
0.181222459883
0.0
0.0
0.267379909964
0.0
0.0
0.0
0.401069864946
0.0
0.330865732521
0.0
0.0
0.153586820808
0.0
0.0310292230388
0.0
0.504642411227
0.0
0.31029219377
0.0
0.0
0.0
0.0
0.147020325156
0.0
0.831672615429
0.0
0.0210029048583
0.0
0.0
0.0
0.0
0.101880870455
0.0
0.734814674784
0.0
0.16300937624
0.0
0.0
0.287783018359
0.0
0.20349332374
0.0
0.345339622031
0.0
0.162794656248
0.0
0.0
