0.0
0.0
0.0
0.0
0.0
0.0
0.0
0.0
0.0
0.0
0.0
0.0
0.0
0.0
0.0
0.0
0.0
0.0
0.0
0.0
0.0
0.0
0.0
0.0
0.0
0.0
0.0
0.0
0.0
0.0
0.0
0.0
0.0
0.0
0.0
0.0
0.0
0.0
0.0
0.0
0.0
0.0
0.0
0.0
0.0
0.263333457694
0.0
0.394754516869
0.0
0.289666803463
0.0
0.0521373605901
0.0
0.0
0.480267311452
0.0
0.262916298726
0.0
0.0154924939178
0.0
0.241006609628
0.0
0.0
0.0
0.0
0.0
0.0
0.0
0.0
0.0
0.0
0.0
0.0
0.0
0.0
0.0
0.0
0.0
0.0
0.0
0.0
0.229927487118
0.0
0.491531148044
0.0
0.240621788844
0.0
0.0378100663443
0.0
0.0
0.0
0.0
0.52372598273
0.0
0.476138582295
0.0
0.0
0.0
0.0
0.301588149295
0.0
0.213255021842
0.0
0.376985186618
0.0
0.106627510921
0.0
0.0
0.0
0.0
0.0
0.0
0.0
0.0
0.0
0.0
0.0
0.0
0.0
0.0
0.0
0.0
0.0
0.0
0.0
0.0
0.0
0.0
0.0
0.0
0.0
0.0
0.0
0.0
0.0
0.0
0.0
0.0
0.0
0.0
0.0
0.0
0.0
0.0
