0.0
0.0
0.0
0.0
0.0
0.0
0.0
0.0
0.0
0.222892639353
0.0
0.135093333975
0.0
0.191050833731
0.0
0.450311072761
0.0
0.0
0.242490067593
0.0
0.214332963902
0.0
0.242490067593
0.0
0.300066126338
0.0
0.0
0.0
0.0
0.0
0.0
0.0
0.0
0.0
0.0
0.0
0.0
0.0
0.0
0.0
0.0
0.0
0.0
0.0
0.0
0.265973796268
0.0
0.176557233053
0.0
0.0814205498778
0.0
0.475937254611
0.0
0.0
0.280738777546
0.0
0.470547729574
0.0
0.145568255024
0.0
0.102932292294
0.0
0.0
0.0
0.0
0.0
0.0
0.0
0.0
0.0
0.0
0.0
0.0
0.0
0.0
0.0
0.0
0.0
0.0
0.0
0.0
0.329385077575
0.0
0.504639540667
0.0
0.0494077616362
0.0
0.116455190016
0.0
0.0
0.48933052103
0.0
0.0
0.0
0.0
0.0
0.510505192264
0.0
0.0
0.0
0.0
0.0
0.0
0.0
0.0
0.0
0.0
0.0
0.0
0.0
0.0
0.0
0.0
0.0
0.0
0.0
0.0
0.0
0.0
0.0
0.0
0.0
0.0
0.0
0.0
0.0
0.108074453194
0.0
0.229260525814
0.0
0.432297812776
0.0
0.229260525814
0.0
0.0
0.0
0.0
0.0
0.0
0.0
0.0
0.0
0.0
0.0
