0.0
0.0
0.0
0.0
0.0
0.0
0.0
0.0
0.0
0.0
0.0
0.0
0.0
0.0
0.0
0.0
0.0
0.0
0.0
0.0
0.0
0.0
0.0
0.0
0.0
0.0
0.0
0.0
0.0
0.0
0.0
0.0
0.0
0.0
0.0
0.0
0.069180851721
0.0
0.269050331937
0.0
0.588037239629
0.0
0.0733773707527
0.0
0.0
0.101427941926
0.0
0.280361616071
0.0
0.585515846574
0.0
0.0326001752361
0.0
0.0
0.31729689829
0.0
0.336544142214
0.0
0.158648449145
0.0
0.186968990311
0.0
0.0
0.0
0.0
0.0
0.0
0.0
0.0
0.0
0.0
0.0
0.0
0.0
0.0
0.0
0.0
0.0
0.0
0.0
0.0
0.166764466193
0.0
0.340658756258
0.0
0.440072896898
0.0
0.0524090101991
0.0
0.0
0.0
0.0
0.338367359617
0.0
0.66148852033
0.0
0.0
0.0
0.0
0.169807211875
0.0
0.160095771942
0.0
0.509421635625
0.0
0.160095771942
0.0
0.0
0.0
0.0
0.0
0.0
0.0
0.0
0.0
0.0
0.0
0.0
0.0
0.0
0.0
0.0
0.0
0.0
0.0
0.0
0.0
0.0
0.0
0.0
0.0
0.0
0.0
0.0
0.0
0.0
0.0
0.0
0.0
0.0
0.0
0.0
0.0
0.0
