0.0
0.0
0.0
0.0
0.0
0.0
0.0
0.0
0.0
0.0
0.0
0.0
0.0
0.979931012857
0.0
0.0
0.0
0.0
0.0929983350794
0.0
0.328798766784
0.0
0.511490842937
0.0
0.0657597522483
0.0
0.0
0.0
0.0
0.0
0.0
0.0
0.0
0.0
0.0
0.0
0.0
0.0
0.0
0.0
0.0
0.0
0.0
0.0
0.0
0.324764592089
0.0
0.0441621625571
0.0
0.118663985571
0.0
0.512281352497
0.0
0.0
0.267946728134
0.0
0.646960710532
0.0
0.0849587186765
0.0
0.0
0.0
0.0
0.0
0.0
0.0
0.0
0.0
0.0
0.0
0.0
0.0
0.0
0.0
0.0
0.0
0.0
0.0
0.0
0.0
0.0
0.240374648882
0.0
0.608315998679
0.0
0.0885590811671
0.0
0.0626207219868
0.0
0.0
0.405761448784
0.0
0.0117108843702
0.0
0.149055226084
0.0
0.433302849038
0.0
0.0
0.0
0.0
0.0
0.0
0.0
0.0
0.0
0.0
0.0
0.0
0.0
0.0
0.0
0.0
0.0
0.0
0.0
0.0
0.0
0.0
0.0
0.0
0.0
0.0
0.0
0.0
0.0
0.0
0.0
0.0
0.0
0.0
0.0
0.0
0.0
0.0
0.0
0.0
0.0
0.0
0.0
0.0
0.0
0.0
0.0
