0.0
0.0
0.0
0.0
0.0
0.0
0.0
0.0
0.0
0.107954979927
0.0
0.305342788251
0.0
0.431819919708
0.0
0.152671394126
0.0
0.0
0.0
0.0
0.0
0.0
0.0
0.0
0.0
0.0
0.0
0.0
0.0
0.0
0.0
0.0
0.0
0.0
0.0
0.0
0.829135044881
0.0
0.127917160636
0.0
0.0
0.0
0.0426390547433
0.0
0.0
0.509679994424
0.0
0.218423213162
0.0
0.0424733328687
0.0
0.229344381921
0.0
0.0
0.343443860776
0.0
0.315706875299
0.0
0.29192728166
0.0
0.0485702957511
0.0
0.0
0.0
0.0
0.0
0.0
0.0
0.0
0.0
0.0
0.0
0.880921736637
0.0
0.0
0.0
0.0
0.0
0.118648709145
0.0
0.0
0.366597236901
0.0
0.219776424104
0.0
0.10360356695
0.0
0.309941164312
0.0
0.0
0.0418239698042
0.0
0.147870063286
0.0
0.543711607454
0.0
0.266166082005
0.0
0.0
0.0
0.0
0.0
0.0
0.0
0.0
0.0
0.0
0.0
0.0
0.0
0.0
0.0
0.0
0.0
0.0
0.0
0.0
0.0
0.0
0.0
0.0
0.0
0.0
0.0
0.0
0.0
0.0
0.0
0.0
0.0
0.0
0.0
0.0
0.0
0.0
0.0
0.0
0.0
0.0
0.0
0.0
0.0
0.0
0.0
