0.0
0.0
0.0
0.0
0.0
0.0
0.0
0.0
0.0
0.0
0.0
0.0
0.0
0.993219620723
0.0
0.0
0.0
0.0
0.382629977999
0.0
0.393542145006
0.0
0.173922717272
0.0
0.0491927722724
0.0
0.0
0.0
0.0
0.0
0.0
0.0
0.0
0.0
0.0
0.0
0.0
0.0
0.0
0.0
0.0
0.0
0.0
0.0
0.0
0.210019463827
0.0
0.0990041113242
0.0
0.0770071367366
0.0
0.613825914825
0.0
0.0
0.282192920708
0.0
0.614800859283
0.0
0.0381341784741
0.0
0.0647158439397
0.0
0.0
0.0
0.0
0.0
0.0
0.0
0.0
0.0
0.0
0.0
0.979931012857
0.0
0.0
0.0
0.0
0.0
0.0
0.0
0.0
0.296726017762
0.0
0.59836733493
0.0
0.0659391150583
0.0
0.0388549961594
0.0
0.0
0.766664150925
0.0
0.011658352919
0.0
0.0
0.0
0.221508665169
0.0
0.0
0.0
0.0
0.0
0.0
0.0
0.0
0.0
0.0
0.0
0.979931012857
0.0
0.0
0.0
0.0
0.0
0.0
0.0
0.0
0.160622494381
0.0
0.151436337393
0.0
0.535408314605
0.0
0.151436337393
0.0
0.0
0.226278464412
0.0
0.0800015169421
0.0
0.452556928825
0.0
0.240004544083
0.0
0.0
0.0
0.0
0.0
0.0
0.0
0.0
0.0
0.0
0.0
