0.0
0.0
0.0
0.0
0.0
0.0
0.0
0.0
0.0
0.0
0.0
0.0
0.0
0.0
0.0
0.0
0.0
0.0
0.355416283397
0.0
0.386641892577
0.0
0.21871771286
0.0
0.0386641938205
0.0
0.0
0.0
0.0
0.0
0.0
0.0
0.0
0.0
0.0
0.0
0.0
0.0
0.0
0.0
0.993219620723
0.0
0.0
0.0
0.0
0.515537358957
0.0
0.0911349796695
0.0
0.0286409643865
0.0
0.364540055249
0.0
0.0
0.617674924954
0.0
0.382166950265
0.0
0.0
0.0
0.0
0.0
0.0
0.0
0.0
0.0
0.0
0.0
0.0
0.0
0.0
0.0
0.55239232759
0.0
0.156240119662
0.0
0.0828588491385
0.0
0.208320153696
0.0
0.0
0.43510851147
0.0
0.35026848536
0.0
0.0535518167963
0.0
0.160934093723
0.0
0.0
0.194694025473
0.0
0.144915207437
0.0
0.225435187389
0.0
0.434745720036
0.0
0.0
0.0
0.0
0.0
0.0
0.0
0.0
0.0
0.0
0.0
0.0
0.0
0.0
0.0
0.0
0.0
0.0
0.0
0.0
0.311203592311
0.0
0.195603703722
0.0
0.345781769235
0.0
0.146702773669
0.0
0.0
0.0
0.0
0.0
0.0
0.0
0.0
0.0
0.0
0.0
0.0
0.0
0.0
0.0
0.0
0.0
0.0
0.0
0.0
