0.0
0.0
0.0
0.0
0.0
0.0
0.0
0.0
0.0
0.0
0.0
0.206487476382
0.0
0.584034789115
0.0
0.206487476382
0.0
0.0
0.182446772288
0.0
0.670848507902
0.0
0.14595741783
0.0
0.0
0.0
0.0
0.340899154799
0.0
0.241052103997
0.0
0.272719323839
0.0
0.144631255896
0.0
0.0
0.0
0.0
0.0
0.0
0.0
0.0
0.0
0.0
0.0
0.360213793237
0.0
0.00878309005226
0.0
0.0248423305681
0.0
0.60603359341
0.0
0.0
0.379297775204
0.0
0.607929498649
0.0
0.0126432591735
0.0
0.0
0.0
0.0
0.0
0.0
0.0
0.0
0.0
0.0
0.0
0.0
0.0
0.0
0.0
0.651911526414
0.0
0.345728301713
0.0
0.0
0.0
0.0
0.165454312414
0.0
0.502640576091
0.0
0.245117499872
0.0
0.0866621114632
0.0
0.0
0.429156568944
0.0
0.238432430313
0.0
0.0613080812777
0.0
0.270945970778
0.0
0.0
0.0
0.0
0.0
0.0
0.0
0.0
0.0
0.0
0.0
0.299880040111
0.0
0.159035400238
0.0
0.48730506518
0.0
0.0530118015689
0.0
0.0
0.0
0.0
0.585372585137
0.0
0.413920989707
0.0
0.0
0.0
0.0
0.444381232689
0.0
0.0
0.0
0.345629847647
0.0
0.209483312573
0.0
0.0
0.0
0.0
0.0
0.0
0.0
0.0
0.0
0.0
0.0
