0.0
0.0
0.0
0.0
0.0
0.0
0.0
0.0
0.0
0.0
0.0
0.0
0.0
0.0
0.0
0.0
0.0
0.0
0.0
0.0
0.0
0.0
0.0
0.0
0.0
0.0
0.0
0.0
0.0
0.0
0.0
0.0
0.0
0.0
0.0
0.0
0.0
0.0
0.0
0.0
0.0
0.0
0.0
0.0
0.0
0.134489179976
0.0
0.230237725719
0.0
0.545035097799
0.0
0.0900930313255
0.0
0.0
0.218703269685
0.0
0.434943646625
0.0
0.307551472994
0.0
0.0386616406038
0.0
0.0
0.0
0.0
0.0
0.0
0.0
0.0
0.0
0.0
0.0
0.157675360049
0.0
0.414118006149
0.0
0.427975977275
0.0
0.0
0.0
0.0
0.0711704402921
0.0
0.286466038544
0.0
0.580312820843
0.0
0.0619385795043
0.0
0.0
0.0569934161982
0.0
0.0268669535913
0.0
0.512940745784
0.0
0.4030043469
0.0
0.0
0.0
0.0
0.0
0.0
0.0
0.0
0.0
0.0
0.0
0.0
0.0
0.0
0.0
0.0
0.0
0.0
0.0
0.0
0.0
0.0
0.0
0.0
0.0
0.0
0.0
0.0
0.0
0.0
0.0
0.0
0.0
0.0
0.0
0.0
0.0
0.0
0.0
0.0
0.0
0.0
0.0
0.0
0.0
0.0
0.0
