0.0
0.0
0.0
0.0
0.0
0.0
0.0
0.0
0.0
0.126324291838
0.0
0.178649518698
0.0
0.336864778236
0.0
0.357299037396
0.0
0.0
0.198921746883
0.0
0.328204112297
0.0
0.331536244805
0.0
0.140658909787
0.0
0.0
0.0
0.0
0.0
0.0
0.0
0.0
0.0
0.0
0.0
0.0
0.0
0.0
0.0
0.0
0.0
0.0
0.0
0.0
0.397522682714
0.0
0.0295885233593
0.0
0.0697408215287
0.0
0.503005143196
0.0
0.0
0.356532247868
0.0
0.513058845018
0.0
0.112589130906
0.0
0.0176916747975
0.0
0.0
0.0
0.0
0.0
0.0
0.0
0.0
0.0
0.0
0.0
0.0
0.0
0.0
0.0
0.0
0.0
0.0
0.0
0.0
0.403786086277
0.0
0.444142286077
0.0
0.109670295038
0.0
0.0422992395328
0.0
0.0
0.332684166828
0.0
0.235243181951
0.0
0.174263135005
0.0
0.257647293079
0.0
0.0
0.0
0.0
0.0
0.0
0.0
0.0
0.0
0.0
0.0
0.0
0.0
0.0
0.0
0.0
0.0
0.0
0.0
0.0
0.0
0.0
0.326340873482
0.0
0.346136772851
0.0
0.326340873482
0.0
0.0
0.0
0.0
0.0
0.0
0.0
0.0
0.0
0.0
0.0
0.0
0.0
0.0
0.0
0.0
0.0
0.0
0.0
0.0
