0.0
0.0
0.0
0.0
0.0
0.0
0.0
0.0
0.0
0.0
0.0
0.0
0.0
0.0
0.0
0.0
0.0
0.0
0.0
0.0
0.0
0.0
0.0
0.0
0.0
0.0
0.0
0.0
0.0
0.0
0.0
0.0
0.0
0.0
0.0
0.0
0.0
0.0
0.0
0.0
0.0
0.0
0.0
0.0
0.0
0.0410903821756
0.0
0.406774038025
0.0
0.4211764173
0.0
0.130748779743
0.0
0.0
0.07291531526
0.0
0.494965773319
0.0
0.40103423393
0.0
0.030935346925
0.0
0.0
0.0
0.0
0.0
0.0
0.0
0.0
0.0
0.0
0.0
0.36350944397
0.0
0.257039981235
0.0
0.121169814657
0.0
0.257039981235
0.0
0.0
0.0432728718587
0.0
0.420730146808
0.0
0.497638026375
0.0
0.0382481764061
0.0
0.0
0.0812793737176
0.0
0.0
0.0
0.650234989741
0.0
0.268208202946
0.0
0.0
0.0
0.0
0.0
0.0
0.0
0.0
0.0
0.0
0.0
0.0
0.0
0.0
0.0
0.0
0.0
0.0
0.0
0.0
0.0
0.0
0.0
0.0
0.0
0.0
0.0
0.0
0.0
0.0
0.0
0.0
0.0
0.0
0.0
0.0
0.0
0.0
0.0
0.0
0.0
0.0
0.0
0.0
0.0
0.0
0.0
