0.0
0.0
0.0
0.0
0.0
0.0
0.0
0.0
0.0
0.0
0.0
0.0
0.0
0.0
0.0
0.0
0.0
0.0
0.0
0.0
0.0
0.0
0.0
0.0
0.0
0.0
0.0
0.0
0.0
0.0
0.0
0.0
0.0
0.0
0.0
0.0
0.331073206908
0.0
0.0
0.0
0.662146413815
0.0
0.0
0.0
0.0
0.191594732706
0.0
0.329541060521
0.0
0.346941813279
0.0
0.13181634322
0.0
0.0
0.221915944043
0.0
0.439371076581
0.0
0.244107538448
0.0
0.0941509570751
0.0
0.0
0.0
0.0
0.0
0.0
0.0
0.0
0.0
0.0
0.0
0.0
0.0
0.0
0.0
0.0
0.0
0.0
0.0
0.0
0.227360610769
0.0
0.372982486969
0.0
0.277379945138
0.0
0.122183830218
0.0
0.0
0.0324664151987
0.0
0.218093568902
0.0
0.657444907775
0.0
0.0918288800792
0.0
0.0
0.0
0.0
0.0
0.0
0.0
0.0
0.0
0.0
0.0
0.0
0.0
0.0
0.0
0.0
0.0
0.0
0.0
0.0
0.0
0.0
0.0
0.0
0.0
0.0
0.0
0.0
0.0
0.0
0.0
0.0
0.0
0.0
0.0
0.0
0.0
0.0
0.0
0.0
0.0
0.0
0.0
0.0
0.0
0.0
0.0
