0.0
0.0
0.0
0.0
0.0
0.0
0.0
0.0
0.0
0.0
0.0
0.0
0.0
0.0
0.0
0.0
0.0
0.0
0.0
0.0
0.0
0.0
0.0
0.0
0.0
0.0
0.0
0.0
0.0
0.0
0.0
0.0
0.0
0.0
0.0
0.0
0.0
0.0
0.0
0.0
0.0
0.0
0.0
0.0
0.0
0.084692220737
0.0
0.199621438221
0.0
0.585787860097
0.0
0.129753939555
0.0
0.0
0.10343829629
0.0
0.344811973982
0.0
0.509803031713
0.0
0.0417953825651
0.0
0.0
0.0
0.0
0.0
0.0
0.0
0.0
0.0
0.0
0.0
0.281238728848
0.0
0.331443020416
0.0
0.187492485899
0.0
0.198865803309
0.0
0.0
0.0587385672852
0.0
0.332275625907
0.0
0.575637959395
0.0
0.033227550827
0.0
0.0
0.0418952045429
0.0
0.177746271375
0.0
0.691270874958
0.0
0.0888731456763
0.0
0.0
0.0
0.0
0.0
0.0
0.0
0.0
0.0
0.0
0.0
0.0
0.0
0.0
0.0
0.0
0.0
0.0
0.0
0.0
0.0
0.0
0.0
0.0
0.0
0.0
0.0
0.0
0.0
0.0
0.0
0.0
0.0
0.0
0.0
0.0
0.0
0.0
0.0
0.0
0.0
0.0
0.0
0.0
0.0
0.0
0.0
