0.0
0.0
0.0
0.0
0.0
0.0
0.0
0.0
0.0
0.0
0.0
0.0
0.0
0.0
0.0
0.0
0.0
0.0
0.0
0.0
0.0
0.0
0.0
0.0
0.0
0.0
0.0
0.0
0.0
0.0
0.0
0.0
0.0
0.0
0.0
0.0
0.0
0.0
0.0
0.0
0.0
0.0
0.0
0.0
0.0
0.416473552427
0.0
0.141792070886
0.0
0.0925496783171
0.0
0.34902674692
0.0
0.0
0.150923595771
0.0
0.668773275027
0.0
0.0804925844112
0.0
0.0996044837749
0.0
0.0
0.0
0.0
0.0
0.0
0.0
0.0
0.0
0.0
0.0
0.997082820548
0.0
0.0
0.0
0.0
0.0
0.0
0.0
0.0
0.180877857159
0.0
0.573344978377
0.0
0.130980517253
0.0
0.114668910021
0.0
0.0
0.375672159668
0.0
0.0212512261646
0.0
0.13524197748
0.0
0.467526886054
0.0
0.0
0.0
0.0
0.0
0.0
0.0
0.0
0.0
0.0
0.0
0.0
0.0
0.0
0.0
0.0
0.0
0.0
0.0
0.0
0.0
0.0
0.0
0.0
0.0
0.0
0.0
0.0
0.0
0.0
0.0
0.0
0.0
0.0
0.0
0.0
0.0
0.0
0.0
0.0
0.0
0.0
0.0
0.0
0.0
0.0
0.0
