0.0
0.0
0.0
0.0
0.0
0.0
0.0
0.0
0.0
0.0
0.0
0.0
0.0
0.0
0.0
0.0
0.0
0.0
0.0
0.0
0.0
0.0
0.0
0.0
0.0
0.0
0.0
0.0
0.0
0.0
0.0
0.0
0.0
0.0
0.0
0.0
0.497453040433
0.0
0.0
0.0
0.497453040433
0.0
0.0
0.0
0.0
0.113192815451
0.0
0.458407773997
0.0
0.40646511003
0.0
0.0218289283005
0.0
0.0
0.121194466895
0.0
0.541247214276
0.0
0.274282214551
0.0
0.0631454694
0.0
0.0
0.0
0.0
0.0
0.0
0.0
0.0
0.0
0.0
0.0
0.220232596651
0.0
0.389319906227
0.0
0.0
0.0
0.389319906227
0.0
0.0
0.0674459577207
0.0
0.508709612976
0.0
0.404675746324
0.0
0.0190765967647
0.0
0.0
0.0143747172079
0.0
0.22361807367
0.0
0.761860012018
0.0
0.0
0.0
0.0
0.452033224611
0.0
0.159817876487
0.0
0.226016612305
0.0
0.159817876487
0.0
0.0
0.0
0.0
0.0
0.0
0.0
0.0
0.0
0.0
0.0
0.0
0.0
0.0
0.0
0.0
0.0
0.0
0.0
0.0
0.0
0.0
0.0
0.0
0.0
0.0
0.0
0.0
0.0
0.0
0.0
0.0
0.0
0.0
0.0
0.0
0.0
0.0
