0.0
0.0
0.0
0.0
0.0
0.0
0.0
0.0
0.0
0.0
0.0
0.223108978771
0.0
0.552166560863
0.0
0.223108978771
0.0
0.0
0.0
0.0
0.0
0.0
0.0
0.0
0.0
0.0
0.0
0.0
0.0
0.0
0.0
0.0
0.0
0.0
0.0
0.0
0.0
0.0
0.0
0.0
0.0
0.0
0.0
0.0
0.0
0.281482910641
0.0
0.374192478754
0.0
0.264593936002
0.0
0.0796153792028
0.0
0.0
0.278053132201
0.0
0.422354423757
0.0
0.226561811423
0.0
0.07281972417
0.0
0.0
0.0
0.0
0.0
0.0
0.0
0.0
0.0
0.0
0.0
0.0
0.0
0.0
0.0
0.0
0.0
0.0
0.0
0.0
0.410454118076
0.0
0.350124733811
0.0
0.156363473553
0.0
0.0829242443967
0.0
0.0
0.0843970646981
0.0
0.22379147255
0.0
0.527481654363
0.0
0.164113751903
0.0
0.0
0.0
0.0
0.0
0.0
0.0
0.0
0.0
0.0
0.0
0.0
0.0
0.0
0.0
0.0
0.0
0.0
0.0
0.0
0.0
0.0
0.0
0.0
0.0
0.0
0.0
0.0
0.0
0.0
0.0
0.0
0.0
0.0
0.0
0.0
0.0
0.0
0.0
0.0
0.0
0.0
0.0
0.0
0.0
0.0
0.0
