0.0
0.0
0.0
0.0
0.0
0.0
0.0
0.0
0.0
0.0
0.0
0.0
0.0
0.0
0.0
0.0
0.0
0.0
0.0
0.0
0.0
0.0
0.0
0.0
0.0
0.0
0.0
0.0
0.0
0.0
0.0
0.0
0.0
0.0
0.0
0.0
0.0
0.0
0.0
0.0
0.0
0.0
0.0
0.0
0.0
0.0174491973144
0.0
0.172738210464
0.0
0.636895701976
0.0
0.172738210464
0.0
0.0
0.0366946460823
0.0
0.330824818639
0.0
0.509138214392
0.0
0.123248382593
0.0
0.0
0.0
0.0
0.0
0.0
0.0
0.0
0.0
0.0
0.0
0.637863548905
0.0
0.180415053273
0.0
0.0
0.0
0.180415053273
0.0
0.0
0.016665592075
0.0
0.359422968635
0.0
0.57079652857
0.0
0.0530295828884
0.0
0.0
0.0310512071776
0.0
0.0988043243464
0.0
0.815094188411
0.0
0.0548912978842
0.0
0.0
0.0
0.0
0.0
0.0
0.0
0.0
0.0
0.0
0.0
0.0
0.0
0.0
0.0
0.0
0.0
0.0
0.0
0.0
0.0
0.0
0.0
0.0
0.0
0.0
0.0
0.0
0.0
0.0
0.0
0.0
0.0
0.0
0.0
0.0
0.0
0.0
0.0
0.0
0.0
0.0
0.0
0.0
0.0
0.0
0.0
