0.0
0.0
0.0
0.0
0.0
0.0
0.0
0.0
0.0
0.0
0.0
0.0
0.0
0.0
0.0
0.0
0.0
0.0
0.0
0.0
0.0
0.0
0.0
0.0
0.0
0.0
0.0
0.0
0.0
0.0
0.0
0.0
0.0
0.0
0.0
0.0
0.0
0.0
0.0
0.0
0.0
0.0
0.0
0.0
0.0
0.222084997114
0.0
0.34080560581
0.0
0.396917867182
0.0
0.0400947575384
0.0
0.0
0.0
0.0
0.0
0.0
0.0
0.0
0.0
0.0
0.0
0.0
0.0
0.0
0.0
0.0
0.0
0.0
0.0
0.0
0.19105082793
0.0
0.360248859416
0.0
0.222892632585
0.0
0.22515555991
0.0
0.0
0.0515076910482
0.0
0.396589153275
0.0
0.543692294397
0.0
0.00809365266669
0.0
0.0
0.0142474687012
0.0
0.211564072866
0.0
0.73374463811
0.0
0.0402979262437
0.0
0.0
0.478012051557
0.0
0.202803328718
0.0
0.0478012051557
0.0
0.270404445888
0.0
0.0
0.0
0.0
0.0
0.0
0.0
0.0
0.0
0.0
0.0
0.0
0.0
0.0
0.0
0.0
0.0
0.0
0.0
0.0
0.0
0.0
0.0
0.0
0.0
0.0
0.0
0.0
0.0
0.0
0.0
0.0
0.0
0.0
0.0
0.0
0.0
0.0
