0.0
0.0
0.0
0.0
0.0
0.0
0.0
0.0
0.0
0.0
0.0
0.0
0.0
0.0
0.0
0.0
0.0
0.0
0.0
0.0
0.0
0.0
0.0
0.0
0.0
0.0
0.0
0.0
0.0
0.0
0.0
0.0
0.0
0.0
0.0
0.0
0.0
0.0
0.0
0.0
0.0
0.0
0.0
0.0
0.0
0.209892345419
0.0
0.0834841591503
0.0
0.24268802439
0.0
0.46380113994
0.0
0.0
0.113024066767
0.0
0.550560885457
0.0
0.238606363175
0.0
0.0976800883291
0.0
0.0
0.0
0.0
0.0
0.0
0.0
0.0
0.0
0.0
0.0
0.51381590366
0.0
0.242215135694
0.0
0.0
0.0
0.242215135694
0.0
0.0
0.0979440171887
0.0
0.545398228108
0.0
0.330561058012
0.0
0.0259713283498
0.0
0.0
0.110202664196
0.0
0.048703156961
0.0
0.227292994903
0.0
0.61366012453
0.0
0.0
0.0
0.0
0.0
0.0
0.0
0.0
0.0
0.0
0.0
0.0
0.0
0.0
0.0
0.0
0.0
0.0
0.0
0.0
0.0
0.0
0.0
0.0
0.0
0.0
0.0
0.0
0.0
0.0
0.0
0.0
0.0
0.0
0.0
0.0
0.0
0.0
0.0
0.0
0.0
0.0
0.0
0.0
0.0
0.0
0.0
