0.0
0.0
0.0
0.0
0.0
0.0
0.0
0.0
0.0
0.0
0.0
0.0
0.0
0.0
0.0
0.0
0.0
0.0
0.0
0.0
0.0
0.0
0.0
0.0
0.0
0.0
0.0
0.0
0.0
0.0
0.0
0.0
0.0
0.0
0.0
0.0
0.0
0.0
0.0
0.0
0.0
0.0
0.0
0.0
0.0
0.493954104074
0.0
0.330226732495
0.0
0.0359239348417
0.0
0.139711298043
0.0
0.0
0.0640016856551
0.0
0.307741039752
0.0
0.537614159503
0.0
0.0905120396378
0.0
0.0
0.0
0.0
0.0
0.0
0.0
0.0
0.0
0.0
0.0
0.0
0.0
0.0
0.0
0.0
0.0
0.0
0.0
0.0
0.0773614684998
0.0
0.0273514082528
0.0
0.348126608249
0.0
0.547028484759
0.0
0.0
0.264147226795
0.0
0.0546674010302
0.0
0.225491535069
0.0
0.455561892346
0.0
0.0
0.0
0.0
0.0
0.0
0.0
0.0
0.0
0.0
0.0
0.0
0.0
0.0
0.0
0.0
0.0
0.0
0.0
0.0
0.0
0.0
0.0
0.0
0.989863794742
0.0
0.0
0.0
0.0
0.0
0.0
0.0921992459404
0.0
0.814933914257
0.0
0.0921992459404
0.0
0.0
0.0
0.0
0.0
0.0
0.0
0.0
0.0
0.0
0.0
