0.0
0.0
0.0
0.0
0.0
0.0
0.0
0.0
0.0
0.0
0.0
0.0
0.0
0.0
0.0
0.0
0.0
0.0
0.0
0.0
0.0
0.0
0.0
0.0
0.0
0.0
0.0
0.0
0.0
0.0
0.0
0.0
0.0
0.0
0.0
0.0
0.0
0.0
0.0
0.0
0.0
0.0
0.0
0.0
0.0
0.040084166123
0.0
0.1700626873
0.0
0.591241450315
0.0
0.198406465331
0.0
0.0
0.0906528769594
0.0
0.320506454561
0.0
0.538880990814
0.0
0.0498565348365
0.0
0.0
0.0
0.0
0.0
0.0
0.0
0.0
0.0
0.0
0.0
0.67252267687
0.0
0.190218134871
0.0
0.134504535374
0.0
0.0
0.0
0.0
0.0677175647002
0.0
0.353601737109
0.0
0.541740517602
0.0
0.036833499379
0.0
0.0
0.0771843945591
0.0
0.0955108080051
0.0
0.704307600351
0.0
0.122799605034
0.0
0.0
0.0
0.0
0.0
0.0
0.0
0.0
0.0
0.0
0.0
0.0
0.0
0.0
0.0
0.0
0.0
0.0
0.0
0.0
0.0
0.0
0.0
0.0
0.0
0.0
0.0
0.0
0.0
0.0
0.0
0.0
0.0
0.0
0.0
0.0
0.0
0.0
0.0
0.0
0.0
0.0
0.0
0.0
0.0
0.0
0.0
