0.0
0.0
0.0
0.0
0.0
0.0
0.0
0.0
0.0
0.0
0.0
0.0
0.0
0.0
0.0
0.0
0.0
0.0
0.0
0.0
0.0
0.0
0.0
0.0
0.0
0.0
0.0
0.0
0.0
0.0
0.0
0.0
0.0
0.0
0.0
0.0
0.0
0.0
0.0
0.0
0.0
0.0
0.0
0.0
0.0
0.162754927922
0.0
0.287712782939
0.0
0.203443659902
0.0
0.345255324006
0.0
0.0
0.160704321139
0.0
0.0657887412338
0.0
0.486342024498
0.0
0.287078301958
0.0
0.0
0.584034789115
0.0
0.206487476382
0.0
0.0
0.0
0.206487476382
0.0
0.0
0.997729610841
0.0
0.0
0.0
0.0
0.0
0.0
0.0
0.0
0.0869845134788
0.0
0.0712190140012
0.0
0.453235096548
0.0
0.388467615823
0.0
0.0
0.156281947593
0.0
0.585692806164
0.0
0.257865213528
0.0
0.0
0.0
0.0
0.0
0.0
0.0
0.0
0.0
0.0
0.0
0.0
0.0
0.0
0.0
0.0
0.0
0.0
0.0
0.0
0.0
0.0
0.0
0.0
0.0
0.0
0.0
0.0
0.0
0.0
0.0
0.0
0.0
0.0
0.0
0.0
0.0
0.0
0.0
0.0
0.0
0.0
0.0
0.0
0.0
0.0
0.0
0.0
0.0
