0.0
0.0
0.0
0.0
0.0
0.0
0.0
0.0
0.0
0.0
0.0
0.0
0.0
0.0
0.0
0.0
0.0
0.0
0.0
0.0
0.0
0.0
0.0
0.0
0.0
0.0
0.0
0.0
0.0
0.0
0.0
0.0
0.0
0.0
0.0
0.0
0.0889065891486
0.0
0.0942996738552
0.0
0.533439534891
0.0
0.282899000369
0.0
0.0
0.138876683437
0.0
0.294602027474
0.0
0.437995693915
0.0
0.128416203079
0.0
0.0
0.0
0.0
0.0
0.0
0.0
0.0
0.0
0.0
0.0
0.0
0.0
0.0
0.0
0.0
0.0
0.0
0.0
0.0
0.0856743010428
0.0
0.50484060574
0.0
0.328418153997
0.0
0.080774504272
0.0
0.0
0.0217997260825
0.0
0.346831663612
0.0
0.615842261831
0.0
0.0154147338771
0.0
0.0
0.0
0.0
0.0541820356206
0.0
0.9348246295
0.0
0.0108364069414
0.0
0.0
0.0524073092869
0.0
0.185287818855
0.0
0.576480402156
0.0
0.185287818855
0.0
0.0
0.0
0.0
0.0
0.0
0.0
0.0
0.0
0.0
0.0
0.0
0.0
0.0
0.0
0.0
0.0
0.0
0.0
0.0
0.0
0.0
0.0
0.0
0.0
0.0
0.0
0.0
0.0
0.0
0.0
0.0
0.0
0.0
0.0
0.0
0.0
0.0
