0.0
0.0
0.0
0.0
0.0
0.0
0.0
0.0
0.0
0.0
0.0
0.0
0.0
0.0
0.0
0.0
0.0
0.0
0.0
0.0
0.0
0.0
0.0
0.0
0.0
0.0
0.0
0.0
0.0
0.0
0.0
0.0
0.0
0.0
0.0
0.0
0.0743225476432
0.0
0.183938906795
0.0
0.557419107324
0.0
0.183938906795
0.0
0.0
0.110308130181
0.0
0.148570687755
0.0
0.703870925919
0.0
0.037142679453
0.0
0.0
0.244456401041
0.0
0.316081014974
0.0
0.370176835862
0.0
0.0691427062059
0.0
0.0
0.0
0.0
0.0
0.0
0.0
0.0
0.0
0.0
0.0
0.0
0.0
0.0
0.0
0.0
0.0
0.0
0.0
0.0
0.206703688457
0.0
0.29232327781
0.0
0.452164318499
0.0
0.0487205216607
0.0
0.0
0.0
0.0
0.106338995686
0.0
0.872239207331
0.0
0.0212678016471
0.0
0.0
0.131122772329
0.0
0.231794503646
0.0
0.590052475482
0.0
0.0463588999477
0.0
0.0
0.0
0.0
0.0
0.0
0.0
0.0
0.0
0.0
0.0
0.0
0.0
0.0
0.0
0.0
0.0
0.0
0.0
0.0
0.0
0.0
0.0
0.0
0.0
0.0
0.0
0.0
0.0
0.0
0.0
0.0
0.0
0.0
0.0
0.0
0.0
0.0
