0.0
0.0
0.0
0.0
0.0
0.0
0.0
0.0
0.0
0.0
0.0
0.0
0.0
0.0
0.0
0.0
0.0
0.0
0.0
0.0
0.0
0.0
0.0
0.0
0.0
0.0
0.0
0.0
0.0
0.0
0.0
0.0
0.0
0.0
0.0
0.0
0.0
0.0
0.0
0.0
0.0
0.0
0.0
0.0
0.0
0.203689465097
0.0
0.398381641209
0.0
0.312034925255
0.0
0.0858052118382
0.0
0.0
0.260855020191
0.0
0.368904701053
0.0
0.0
0.0
0.368904701053
0.0
0.0
0.0
0.0
0.0
0.0
0.0
0.0
0.0
0.0
0.0
0.31985258658
0.0
0.339254884088
0.0
0.0
0.0
0.339254884088
0.0
0.0
0.130903929302
0.0
0.486813413014
0.0
0.368470319517
0.0
0.0137130451125
0.0
0.0
0.0304237295098
0.0
0.161346161785
0.0
0.775805102501
0.0
0.0322692367091
0.0
0.0
0.0
0.0
0.0
0.0
0.0
0.0
0.0
0.0
0.0
0.0
0.0
0.0
0.0
0.0
0.0
0.0
0.0
0.0
0.0
0.0
0.0
0.0
0.0
0.0
0.0
0.0
0.0
0.0
0.0
0.0
0.0
0.0
0.0
0.0
0.0
0.0
0.0
0.0
0.0
0.0
0.0
0.0
0.0
0.0
0.0
