0.0
0.0
0.0
0.0
0.0
0.0
0.0
0.0
0.0
0.0
0.0
0.0
0.0
0.979931012857
0.0
0.0
0.0
0.0
0.0
0.0
0.0
0.0
0.993219620723
0.0
0.0
0.0
0.0
0.0
0.0
0.0
0.0
0.0
0.0
0.0
0.0
0.0
0.989863794742
0.0
0.0
0.0
0.0
0.0
0.0
0.0
0.0
0.0883576874434
0.0
0.214211348964
0.0
0.643748865659
0.0
0.0535528432598
0.0
0.0
0.50795738989
0.0
0.185032145148
0.0
0.10005221316
0.0
0.206800631085
0.0
0.0
0.0
0.0
0.0
0.0
0.0
0.0
0.0
0.0
0.0
0.0
0.0
0.0
0.0
0.0
0.0
0.0
0.0
0.0
0.301363168436
0.0
0.319643967401
0.0
0.301363168436
0.0
0.0774894248697
0.0
0.0
0.0906635414927
0.0
0.170956778693
0.0
0.652777498748
0.0
0.0854783951109
0.0
0.0
0.552009046863
0.0
0.0
0.0
0.184003015621
0.0
0.260219555756
0.0
0.0
0.0
0.0
0.0
0.0
0.0
0.0
0.0
0.0
0.0
0.0
0.0
0.0
0.0
0.0
0.0
0.0
0.0
0.0
0.0
0.0
0.0
0.0
0.0
0.0
0.0
0.0
0.0
0.0
0.0
0.0
0.0
0.0
0.0
0.0
0.0
0.0
