0.0
0.0
0.0
0.0
0.0
0.0
0.0
0.0
0.0
0.0
0.0
0.0
0.0
0.0
0.0
0.0
0.0
0.0
0.0
0.0
0.0
0.0
0.0
0.0
0.0
0.0
0.0
0.0
0.0
0.0
0.0
0.0
0.0
0.0
0.0
0.0
0.0
0.0
0.0
0.0
0.0
0.0
0.0
0.0
0.0
0.0964833766767
0.0
0.307008302773
0.0
0.536688782764
0.0
0.059696039064
0.0
0.0
0.173926385307
0.0
0.359493338328
0.0
0.381300152403
0.0
0.0851431234863
0.0
0.0
0.0
0.0
0.0
0.0
0.0
0.0
0.0
0.0
0.0
0.390625552631
0.0
0.315673111363
0.0
0.0558036503759
0.0
0.23675482687
0.0
0.0
0.131005829597
0.0
0.32870539187
0.0
0.528249312889
0.0
0.0119529172771
0.0
0.0
0.0415348163713
0.0
0.146847731714
0.0
0.66455706194
0.0
0.146847731714
0.0
0.0
0.0
0.0
0.0
0.0
0.0
0.0
0.0
0.0
0.0
0.0
0.0
0.0
0.0
0.0
0.0
0.0
0.0
0.0
0.0
0.0
0.0
0.0
0.0
0.0
0.0
0.0
0.0
0.0
0.0
0.0
0.0
0.0
0.0
0.0
0.0
0.0
0.0
0.0
0.0
0.0
0.0
0.0
0.0
0.0
0.0
