0.0
0.0
0.0
0.0
0.0
0.0
0.0
0.0
0.0
0.0
0.0
0.0
0.0
0.0
0.0
0.0
0.0
0.0
0.0
0.0
0.0
0.0
0.0
0.0
0.0
0.0
0.0
0.0
0.0
0.0
0.0
0.0
0.0
0.0
0.0
0.0
0.989863794742
0.0
0.0
0.0
0.0
0.0
0.0
0.0
0.0
0.0906939806522
0.0
0.136276922573
0.0
0.572505752867
0.0
0.200407255613
0.0
0.0
0.368831123201
0.0
0.260802949889
0.0
0.251475765819
0.0
0.118546812846
0.0
0.0
0.0
0.0
0.0
0.0
0.0
0.0
0.0
0.0
0.0
0.0
0.0
0.0
0.0
0.0
0.0
0.0
0.0
0.0
0.154249442306
0.0
0.458097642447
0.0
0.354773717303
0.0
0.0327212465152
0.0
0.0
0.100695756742
0.0
0.264466978207
0.0
0.604174540454
0.0
0.03051542109
0.0
0.0
0.0
0.0
0.0
0.0
0.0
0.0
0.0
0.0
0.0
0.0
0.0
0.0
0.0
0.0
0.0
0.0
0.0
0.0
0.0
0.0
0.0
0.0
0.0
0.0
0.0
0.0
0.0
0.0
0.0
0.0
0.0
0.0
0.0
0.0
0.0
0.0
0.0
0.0
0.0
0.0
0.0
0.0
0.0
0.0
0.0
