0.0
0.0
0.0
0.0
0.0
0.0
0.0
0.0
0.0
0.0
0.0
0.0
0.0
0.0
0.0
0.0
0.0
0.0
0.0
0.0
0.0
0.0
0.0
0.0
0.0
0.0
0.0
0.0
0.0
0.0
0.0
0.0
0.0
0.0
0.0
0.0
0.0
0.0
0.0
0.0
0.0
0.0
0.0
0.0
0.0
0.0465360959466
0.0
0.340028594477
0.0
0.55843315136
0.0
0.054843315009
0.0
0.0
0.114131201574
0.0
0.435795902703
0.0
0.433698565982
0.0
0.0161405890394
0.0
0.0
0.0
0.0
0.0
0.0
0.0
0.0
0.0
0.0
0.0
0.122786663539
0.0
0.347293094491
0.0
0.3990566565
0.0
0.130234917753
0.0
0.0
0.0287548966021
0.0
0.291436660715
0.0
0.666155104615
0.0
0.0135551880211
0.0
0.0
0.0375066008477
0.0
0.159127005713
0.0
0.750132016954
0.0
0.0530423426895
0.0
0.0
0.0
0.0
0.0
0.0
0.0
0.0
0.0
0.0
0.0
0.0
0.0
0.0
0.0
0.0
0.0
0.0
0.0
0.0
0.0
0.0
0.0
0.0
0.0
0.0
0.0
0.0
0.0
0.0
0.0
0.0
0.0
0.0
0.0
0.0
0.0
0.0
0.0
0.0
0.0
0.0
0.0
0.0
0.0
0.0
0.0
