0.0
0.0
0.0
0.0
0.0
0.0
0.0
0.0
0.0
0.184350366901
0.0
0.130355392319
0.0
0.553051100704
0.0
0.130355392319
0.0
0.0
0.0
0.0
0.0
0.0
0.0
0.0
0.0
0.0
0.0
0.0
0.0
0.0
0.0
0.0
0.0
0.0
0.0
0.0
0.0
0.0
0.0
0.0
0.0
0.0
0.0
0.0
0.0
0.53332183579
0.0
0.122562512783
0.0
0.0799982753686
0.0
0.263980845668
0.0
0.0
0.142908730368
0.0
0.560378095524
0.0
0.259834055215
0.0
0.0367460838563
0.0
0.0
0.0
0.0
0.0
0.0
0.0
0.0
0.0
0.0
0.0
0.355464535335
0.0
0.314189229178
0.0
0.266598401501
0.0
0.0628378447762
0.0
0.0
0.206297273431
0.0
0.455857074698
0.0
0.219190853021
0.0
0.118522768595
0.0
0.0
0.416757764282
0.0
0.0613942169085
0.0
0.104189441071
0.0
0.417480761092
0.0
0.0
0.0
0.0
0.0
0.0
0.0
0.0
0.0
0.0
0.0
0.0
0.0
0.0
0.0
0.0
0.0
0.0
0.0
0.0
0.0
0.0
0.0
0.0
0.0
0.0
0.0
0.0
0.0
0.0
0.0
0.0
0.0
0.0
0.0
0.0
0.0
0.0
0.0
0.0
0.0
0.0
0.0
0.0
0.0
0.0
0.0
