0.0
0.0
0.0
0.0
0.0
0.0
0.0
0.0
0.0
0.0
0.0
0.0
0.0
0.0
0.0
0.0
0.0
0.0
0.0
0.0
0.0
0.0
0.0
0.0
0.0
0.0
0.0
0.0
0.0
0.0
0.0
0.0
0.0
0.0
0.0
0.0
0.0
0.0
0.0
0.0
0.0
0.0
0.0
0.0
0.0
0.0663248434187
0.0
0.199319634803
0.0
0.605214196196
0.0
0.128971533983
0.0
0.0
0.0480733482023
0.0
0.38752028975
0.0
0.475926147203
0.0
0.0883817606278
0.0
0.0
0.0
0.0
0.0
0.0
0.0
0.0
0.0
0.0
0.0
0.0
0.0
0.0
0.0
0.0
0.0
0.0
0.0
0.0
0.0486210283989
0.0
0.412563329133
0.0
0.44245135843
0.0
0.0962647081722
0.0
0.0
0.0
0.0
0.0812569719334
0.0
0.847496085067
0.0
0.0710998521541
0.0
0.0
0.532712043612
0.0
0.251122861341
0.0
0.0887853406019
0.0
0.12556143067
0.0
0.0
0.0
0.0
0.0
0.0
0.0
0.0
0.0
0.0
0.0
0.0
0.0
0.0
0.0
0.0
0.0
0.0
0.0
0.0
0.0
0.0
0.0
0.0
0.0
0.0
0.0
0.0
0.0
0.0
0.0
0.0
0.0
0.0
0.0
0.0
0.0
0.0
