0.0
0.0
0.0
0.0
0.0
0.0
0.0
0.0
0.0
0.0
0.0
0.0
0.0
0.0
0.0
0.0
0.0
0.0
0.0
0.0
0.0
0.0
0.0
0.0
0.0
0.0
0.0
0.0
0.0
0.0
0.0
0.0
0.0
0.0
0.0
0.0
0.0
0.0
0.0
0.0
0.0
0.0
0.0
0.0
0.0
0.0819212434595
0.0
0.126386307587
0.0
0.580896089985
0.0
0.210643836508
0.0
0.0
0.117877466333
0.0
0.395921992267
0.0
0.402748009972
0.0
0.0833519426567
0.0
0.0
0.0
0.0
0.0
0.0
0.0
0.0
0.0
0.0
0.0
0.199088693306
0.0
0.351942412646
0.0
0.447949559939
0.0
0.0
0.0
0.0
0.0876861196095
0.0
0.393904458057
0.0
0.474536647299
0.0
0.0437671390507
0.0
0.0
0.075260174786
0.0
0.150781414428
0.0
0.658526529377
0.0
0.115303437377
0.0
0.0
0.0
0.0
0.0
0.0
0.0
0.0
0.0
0.0
0.0
0.0
0.0
0.0
0.0
0.0
0.0
0.0
0.0
0.0
0.0
0.0
0.0
0.0
0.0
0.0
0.0
0.0
0.0
0.0
0.0
0.0
0.0
0.0
0.0
0.0
0.0
0.0
0.0
0.0
0.0
0.0
0.0
0.0
0.0
0.0
0.0
