0.389745009993
0.0
0.413386990559
0.0
0.194872504996
0.0
0.0
0.0
0.0
0.0192340830312
0.0
0.081603299558
0.0
0.65395882306
0.0
0.244809880331
0.0
0.0
0.0
0.0
0.0
0.0
0.0
0.0
0.0
0.0
0.0
0.0
0.0
0.0
0.0
0.0
0.0
0.0
0.0
0.0
0.373854116302
0.0
0.158612861316
0.0
0.149541646521
0.0
0.317225722631
0.0
0.0
0.490410781187
0.0
0.225611207519
0.0
0.14180552709
0.0
0.142051476821
0.0
0.0
0.0
0.0
0.0
0.0
0.0
0.0
0.0
0.0
0.0
0.0
0.0
0.0
0.0
0.0
0.0
0.0
0.0
0.0
0.0
0.0
0.0
0.0
0.0
0.0
0.0
0.0
0.0
0.383097198503
0.0
0.330354565559
0.0
0.233595852746
0.0
0.0528567023307
0.0
0.0
0.997956185732
0.0
0.0
0.0
0.0
0.0
0.0
0.0
0.0
0.0
0.0
0.0
0.0
0.0
0.0
0.0
0.0
0.0
0.0
0.0
0.0
0.0
0.0
0.0
0.0
0.0
0.0
0.0
0.0
0.0
0.0
0.994906080866
0.0
0.0
0.0
0.0
0.0
0.0
0.0
0.0
0.0
0.0
0.0
0.0
0.0
0.0
0.0
0.0
0.0
0.0
0.0
0.0
0.0
0.0
