0.0
0.0
0.0
0.0
0.0
0.0
0.0
0.0
0.0
0.0
0.0
0.0
0.0
0.0
0.0
0.0
0.0
0.0
0.0
0.0
0.0
0.0
0.0
0.0
0.0
0.0
0.0
0.0
0.0
0.0
0.0
0.0
0.0
0.0
0.0
0.0
0.532712043612
0.0
0.251122861341
0.0
0.0887853406019
0.0
0.12556143067
0.0
0.0
0.221897854178
0.0
0.339255200615
0.0
0.107950307438
0.0
0.330773814308
0.0
0.0
0.243135908735
0.0
0.458461393922
0.0
0.202613257279
0.0
0.0955128054293
0.0
0.0
0.0
0.0
0.0
0.0
0.0
0.0
0.0
0.0
0.0
0.0
0.0
0.0
0.0
0.0
0.0
0.0
0.0
0.0
0.281254349103
0.0
0.312986656376
0.0
0.138321811034
0.0
0.267342755797
0.0
0.0
0.584034789115
0.0
0.206487476382
0.0
0.0
0.0
0.206487476382
0.0
0.0
0.0
0.0
0.0
0.0
0.0
0.0
0.0
0.0
0.0
0.0
0.0
0.0
0.0
0.0
0.0
0.0
0.0
0.0
0.0
0.0
0.0
0.0
0.0
0.0
0.0
0.0
0.0
0.0
0.0
0.0
0.0
0.0
0.0
0.0
0.0
0.0
0.0
0.0
0.0
0.0
0.0
0.0
0.0
0.0
0.0
