0.0
0.0
0.0
0.0
0.0
0.0
0.0
0.0
0.0
0.0
0.0
0.0
0.0
0.0
0.0
0.0
0.0
0.0
0.0
0.0
0.0
0.0
0.0
0.0
0.0
0.0
0.0
0.0
0.0
0.0
0.0
0.0
0.0
0.0
0.0
0.0
0.319140228001
0.0
0.180532972405
0.0
0.319140228001
0.0
0.180532972405
0.0
0.0
0.0796538009845
0.0
0.257480006194
0.0
0.614472179024
0.0
0.0482774916659
0.0
0.0
0.273379573448
0.0
0.322180851778
0.0
0.307552020129
0.0
0.0966542707417
0.0
0.0
0.0
0.0
0.0
0.0
0.0
0.0
0.0
0.0
0.0
0.0
0.0
0.0
0.0
0.0
0.0
0.0
0.0
0.0
0.11086707435
0.0
0.421372536724
0.0
0.408822336667
0.0
0.0587961424042
0.0
0.0
0.0270394216213
0.0
0.181637668536
0.0
0.628666552694
0.0
0.16251791531
0.0
0.0
0.621630226253
0.0
0.219779470426
0.0
0.155407556563
0.0
0.0
0.0
0.0
0.0
0.0
0.0
0.0
0.0
0.0
0.0
0.0
0.0
0.0
0.0
0.0
0.0
0.0
0.0
0.0
0.0
0.0
0.0
0.0
0.0
0.0
0.0
0.0
0.0
0.0
0.0
0.0
0.0
0.0
0.0
0.0
0.0
0.0
0.0
0.0
