0.0
0.0
0.0
0.0
0.0
0.0
0.0
0.0
0.0
0.0
0.0
0.0
0.0
0.0
0.0
0.0
0.0
0.0
0.0
0.0
0.0
0.0
0.0
0.0
0.0
0.0
0.0
0.0
0.0
0.0
0.0
0.0
0.0
0.0
0.0
0.0
0.0618160900356
0.0
0.101991337165
0.0
0.690279672065
0.0
0.145701901814
0.0
0.0
0.239819313198
0.0
0.246054221709
0.0
0.460829268498
0.0
0.0532008926824
0.0
0.0
0.497155414318
0.0
0.175770979376
0.0
0.0621444267898
0.0
0.263656461656
0.0
0.0
0.0
0.0
0.0
0.0
0.0
0.0
0.0
0.0
0.0
0.0
0.0
0.0
0.0
0.0
0.0
0.0
0.0
0.0
0.301505141073
0.0
0.261056753792
0.0
0.393802633239
0.0
0.0435094550533
0.0
0.0
0.0
0.0
0.0
0.0
0.744349724875
0.0
0.255502272383
0.0
0.0
0.0901723819277
0.0
0.0797018784007
0.0
0.574848934789
0.0
0.255045963585
0.0
0.0
0.0
0.0
0.0
0.0
0.0
0.0
0.0
0.0
0.0
0.0
0.0
0.0
0.0
0.0
0.0
0.0
0.0
0.0
0.0
0.0
0.0
0.0
0.0
0.0
0.0
0.0
0.0
0.0
0.0
0.0
0.0
0.0
0.0
0.0
0.0
0.0
