0.0
0.0
0.0
0.0
0.0
0.0
0.0
0.0
0.0
0.0
0.0
0.0
0.0
0.0
0.0
0.0
0.0
0.0
0.0
0.0
0.0
0.0
0.0
0.0
0.0
0.0
0.0
0.0
0.0
0.0
0.0
0.0
0.0
0.0
0.0
0.0
0.0
0.0
0.0
0.0
0.0
0.0
0.0
0.0
0.0
0.106267380839
0.0
0.45085451385
0.0
0.425069523355
0.0
0.0176805610174
0.0
0.0
0.133707669248
0.0
0.434909666341
0.0
0.374381473895
0.0
0.0567273572085
0.0
0.0
0.0
0.0
0.0
0.0
0.0
0.0
0.0
0.0
0.0
0.487181256832
0.0
0.275591331582
0.0
0.0974362513665
0.0
0.137795665791
0.0
0.0
0.0879633473674
0.0
0.352463873211
0.0
0.518006378941
0.0
0.0414663177381
0.0
0.0
0.0724796478972
0.0
0.29469232824
0.0
0.607017051139
0.0
0.0256254248245
0.0
0.0
0.0
0.0
0.0
0.0
0.0
0.0
0.0
0.0
0.0
0.0
0.0
0.0
0.0
0.0
0.0
0.0
0.0
0.0
0.0
0.0
0.0
0.0
0.0
0.0
0.0
0.0
0.0
0.0
0.0
0.0
0.0
0.0
0.0
0.0
0.0
0.0
0.0
0.0
0.0
0.0
0.0
0.0
0.0
0.0
0.0
