0.0
0.0
0.0
0.0
0.0
0.0
0.0
0.0
0.0
0.0
0.0
0.264807909306
0.0
0.655366227893
0.0
0.0794423799346
0.0
0.0
0.0255345567349
0.0
0.0722226316514
0.0
0.612829361638
0.0
0.288890502254
0.0
0.0
0.0
0.0
0.0
0.0
0.0
0.0
0.0
0.0
0.0
0.0
0.0
0.0
0.0
0.0
0.0
0.0
0.0
0.0
0.233484697589
0.0
0.424539468516
0.0
0.313536593905
0.0
0.0283026180864
0.0
0.0
0.0707905201402
0.0
0.40955300039
0.0
0.437614124503
0.0
0.081910555889
0.0
0.0
0.0
0.0
0.0
0.0
0.0
0.0
0.0
0.0
0.0
0.993219620723
0.0
0.0
0.0
0.0
0.0
0.0
0.0
0.0
0.200097428676
0.0
0.535857069765
0.0
0.263958310169
0.0
0.0
0.0
0.0
0.329636095961
0.0
0.108412970829
0.0
0.344968007401
0.0
0.216825927036
0.0
0.0
0.0
0.0
0.0
0.0
0.0
0.0
0.0
0.0
0.0
0.979931012857
0.0
0.0
0.0
0.0
0.0
0.0
0.0
0.0
0.0
0.0
0.379146364933
0.0
0.335121212869
0.0
0.28435976571
0.0
0.0
0.218150328558
0.0
0.185106683601
0.0
0.349040525693
0.0
0.246808918402
0.0
0.0
0.0
0.0
0.0
0.0
0.0
0.0
0.0
0.0
0.0
