0.979931012857
0.0
0.0
0.0
0.0
0.0
0.0
0.0
0.0
0.0309855037563
0.0
0.0876402353358
0.0
0.764309092655
0.0
0.116853640548
0.0
0.0
0.0250565437422
0.0
0.141741201572
0.0
0.726639768525
0.0
0.106305907153
0.0
0.0
0.0
0.0
0.0
0.0
0.0
0.0
0.0
0.0
0.0
0.0
0.0
0.0
0.0
0.0
0.0
0.0
0.0
0.0
0.177097474258
0.0
0.162794845408
0.0
0.371904695943
0.0
0.288021636577
0.0
0.0
0.213141408825
0.0
0.321522576094
0.0
0.2841885451
0.0
0.18085646091
0.0
0.0
0.0
0.0
0.0
0.0
0.0
0.0
0.0
0.0
0.0
0.0
0.0
0.0
0.0
0.0
0.0
0.0
0.0
0.0
0.118043061404
0.0
0.542549134811
0.0
0.28920550044
0.0
0.0500814272502
0.0
0.0
0.142362340307
0.0
0.218837750717
0.0
0.402328353043
0.0
0.236344791553
0.0
0.0
0.0
0.0
0.0
0.0
0.0
0.0
0.0
0.0
0.0
0.979931012857
0.0
0.0
0.0
0.0
0.0
0.0
0.0
0.0
0.0707440378156
0.0
0.0400188704094
0.0
0.848928453787
0.0
0.0400188704094
0.0
0.0
0.0166441117287
0.0
0.0588458213361
0.0
0.865493809895
0.0
0.0588458213361
0.0
0.0
0.0
0.0
0.0
0.0
0.0
0.0
0.0
0.0
0.0
