0.0
0.0
0.0
0.0
0.0
0.0
0.0
0.0
0.0
0.27016873094
0.0
0.136455815474
0.0
0.347359796922
0.0
0.245620438407
0.0
0.0
0.0
0.0
0.0
0.0
0.0
0.0
0.0
0.0
0.0
0.0
0.0
0.264900117941
0.0
0.468281682347
0.0
0.264900117941
0.0
0.0
0.0
0.0
0.0
0.0
0.0
0.0
0.0
0.0
0.0
0.652487929282
0.0
0.0477288226115
0.0
0.0449991675367
0.0
0.254553684832
0.0
0.0
0.309445139069
0.0
0.409388079651
0.0
0.224597278356
0.0
0.0564672862069
0.0
0.0
0.241356620119
0.0
0.54043875122
0.0
0.160904413413
0.0
0.0568882999499
0.0
0.0
0.410729311235
0.0
0.580858952471
0.0
0.0
0.0
0.0
0.0
0.0
0.20586359468
0.0
0.582270534038
0.0
0.21174541167
0.0
0.0
0.0
0.0
0.558553932678
0.0
0.147450689817
0.0
0.104263400767
0.0
0.189579454278
0.0
0.0
0.0
0.0
0.0
0.0
0.0
0.0
0.0
0.0
0.0
0.408793585151
0.0
0.289060703097
0.0
0.204396792575
0.0
0.0963535704062
0.0
0.0
0.0
0.0
0.610558630737
0.0
0.3885571858
0.0
0.0
0.0
0.0
0.186433280369
0.0
0.175770979376
0.0
0.372866560739
0.0
0.263656461656
0.0
0.0
0.0
0.0
0.0
0.0
0.0
0.0
0.0
0.0
0.0
