0.0
0.0
0.0
0.0
0.0
0.0
0.0
0.0
0.0
0.0
0.0
0.36035935307
0.0
0.637031366453
0.0
0.0
0.0
0.0
0.0
0.0
0.0
0.0
0.259814014775
0.0
0.734864994202
0.0
0.0
0.0
0.0
0.0
0.0
0.0
0.0
0.0
0.0
0.0
0.0488758856086
0.0
0.103681405763
0.0
0.708700341324
0.0
0.138241878235
0.0
0.0
0.18845207475
0.0
0.442295941169
0.0
0.340817581995
0.0
0.0283522850959
0.0
0.0
0.219984546967
0.0
0.622210249018
0.0
0.0
0.0
0.155552562254
0.0
0.0
0.0
0.0
0.0
0.0
0.0
0.0
0.0
0.0
0.0
0.382820569389
0.0
0.411456349417
0.0
0.183753873307
0.0
0.0216556012768
0.0
0.0
0.086170214262
0.0
0.481359510459
0.0
0.280053196351
0.0
0.152328840628
0.0
0.0
0.0224498621891
0.0
0.0634977927234
0.0
0.667883400127
0.0
0.246054001666
0.0
0.0
0.400102403567
0.0
0.242498665663
0.0
0.114314972448
0.0
0.242498665663
0.0
0.0
0.0
0.0
0.0
0.0
0.0
0.0
0.0
0.0
0.0
0.0
0.0
0.0
0.0
0.0
0.0
0.0
0.0
0.0
0.0
0.0
0.0
0.0
0.0
0.0
0.0
0.0
0.0
0.0
0.0
0.0
0.0
0.0
0.0
0.0
0.0
0.0
