0.0
0.0
0.0
0.0
0.0
0.0
0.0
0.0
0.0
0.0
0.0
0.0
0.0
0.0
0.0
0.0
0.0
0.0
0.0
0.0
0.0
0.0
0.0
0.0
0.0
0.0
0.0
0.0
0.0
0.0
0.0
0.0
0.0
0.0
0.0
0.0
0.331646586686
0.0
0.156339697593
0.0
0.276372155572
0.0
0.2345095398
0.0
0.0
0.0347789902611
0.0
0.196739647844
0.0
0.678190310091
0.0
0.0901723395167
0.0
0.0
0.192806996028
0.0
0.359429010531
0.0
0.385613992057
0.0
0.0619705155986
0.0
0.0
0.0
0.0
0.0
0.0
0.0
0.0
0.0
0.0
0.0
0.0
0.0
0.0
0.0
0.0
0.0
0.0
0.0
0.0
0.221225235602
0.0
0.21164035986
0.0
0.474983594086
0.0
0.09201755478
0.0
0.0
0.0354885446614
0.0
0.0401507042481
0.0
0.773650273619
0.0
0.150565116393
0.0
0.0
0.993219620723
0.0
0.0
0.0
0.0
0.0
0.0
0.0
0.0
0.0
0.0
0.0
0.0
0.0
0.0
0.0
0.0
0.0
0.0
0.0
0.0
0.0
0.0
0.0
0.0
0.0
0.0
0.0
0.0
0.0
0.0
0.0
0.0
0.0
0.0
0.0
0.0
0.0
0.0
0.0
0.0
0.0
0.0
0.0
0.0
