0.0
0.0
0.0
0.0
0.0
0.0
0.0
0.0
0.0
0.0
0.0
0.0
0.0
0.0
0.0
0.0
0.0
0.0
0.235306762934
0.0
0.332773989728
0.0
0.336152518477
0.0
0.095078288504
0.0
0.0
0.0
0.0
0.0
0.0
0.0
0.0
0.0
0.0
0.0
0.0
0.0
0.0
0.0
0.0
0.0
0.0
0.0
0.0
0.516094808149
0.0
0.159971099533
0.0
0.183814589204
0.0
0.139974713777
0.0
0.0
0.380821302705
0.0
0.435433762531
0.0
0.137743875446
0.0
0.0458351184603
0.0
0.0
0.0
0.0
0.0
0.0
0.0
0.0
0.0
0.0
0.0
0.0
0.0
0.0
0.0
0.0
0.0
0.0
0.0
0.0
0.398420981594
0.0
0.390082587063
0.0
0.117483109957
0.0
0.0939087103385
0.0
0.0
0.506757902327
0.0
0.0462363797449
0.0
0.0653881164293
0.0
0.381450207921
0.0
0.0
0.0
0.0
0.0
0.0
0.0
0.0
0.0
0.0
0.0
0.0
0.0
0.0
0.0
0.0
0.0
0.0
0.0
0.0
0.0
0.0
0.0
0.0
0.0
0.0
0.0
0.0
0.0
0.149316520865
0.0
0.0703884817601
0.0
0.497721736218
0.0
0.28155392704
0.0
0.0
0.0
0.0
0.0
0.0
0.0
0.0
0.0
0.0
0.0
