0.0
0.0
0.0
0.0
0.0
0.0
0.0
0.0
0.0
0.315778816498
0.0
0.167466999304
0.0
0.236834112373
0.0
0.279111678055
0.0
0.0
0.0
0.0
0.0
0.0
0.0
0.0
0.0
0.0
0.0
0.0
0.0
0.0
0.0
0.0
0.0
0.0
0.0
0.0
0.0
0.0
0.0
0.0
0.0
0.0
0.0
0.0
0.0
0.31286246027
0.0
0.0116435349184
0.0
0.0
0.0
0.675325388412
0.0
0.0
0.123892619281
0.0
0.507188892592
0.0
0.26734723108
0.0
0.101437713845
0.0
0.0
0.313945765825
0.0
0.211422047565
0.0
0.28404616908
0.0
0.19027984566
0.0
0.0
0.0
0.0
0.0
0.0
0.0
0.0
0.0
0.0
0.0
0.0977138482893
0.0
0.665031388444
0.0
0.219856158651
0.0
0.0172735308897
0.0
0.0
0.143368935549
0.0
0.033792381601
0.0
0.155316346845
0.0
0.667399994514
0.0
0.0
0.137941178504
0.0
0.0
0.0
0.275882357009
0.0
0.585234786042
0.0
0.0
0.0
0.0
0.0
0.0
0.0
0.0
0.0
0.0
0.0
0.0
0.0
0.0
0.0
0.0
0.0
0.0
0.0
0.0
0.0
0.0
0.0
0.0
0.0
0.0
0.0
0.0
0.0
0.0887853406019
0.0
0.12556143067
0.0
0.532712043612
0.0
0.251122861341
0.0
0.0
