0.0
0.0
0.0
0.0
0.0
0.0
0.0
0.0
0.0
0.0
0.0
0.0
0.0
0.0
0.0
0.0
0.0
0.0
0.516403801745
0.0
0.257754786025
0.0
0.182260165322
0.0
0.0429591322112
0.0
0.0
0.0
0.0
0.0
0.0
0.0
0.0
0.0
0.0
0.0
0.0
0.0
0.0
0.0
0.0
0.0
0.0
0.0
0.0
0.166821656116
0.0
0.025277296919
0.0
0.226400819015
0.0
0.581378209825
0.0
0.0
0.205863929294
0.0
0.659336851191
0.0
0.108986786097
0.0
0.0256884306748
0.0
0.0
0.0
0.0
0.0
0.0
0.0
0.0
0.0
0.0
0.0
0.0
0.0
0.0
0.0
0.0
0.0
0.0
0.0
0.0
0.167642360395
0.0
0.755150921993
0.0
0.0682987394202
0.0
0.00878081835709
0.0
0.0
0.285522150578
0.0
0.0
0.0
0.0664005001344
0.0
0.647941361064
0.0
0.0
0.0
0.0
0.0
0.0
0.0
0.0
0.0
0.0
0.0
0.0
0.0
0.0
0.0
0.0
0.0
0.0
0.0
0.0
0.198921750814
0.0
0.421976706081
0.0
0.331536251356
0.0
0.0468863055062
0.0
0.0
0.219795658974
0.0
0.248670397241
0.0
0.219795658974
0.0
0.310838001792
0.0
0.0
0.0
0.0
0.0
0.0
0.0
0.0
0.0
0.0
0.0
