0.0
0.0
0.0
0.0
0.0
0.0
0.0
0.0
0.0
0.0
0.0
0.0
0.0
0.0
0.0
0.0
0.0
0.0
0.0
0.0
0.0
0.0
0.0
0.0
0.0
0.0
0.0
0.0
0.0
0.0
0.0
0.0
0.0
0.0
0.0
0.0
0.0
0.0
0.0
0.0
0.0
0.0
0.0
0.0
0.0
0.0396090960318
0.0
0.112031420798
0.0
0.589185303472
0.0
0.259072780411
0.0
0.0
0.0505769573184
0.0
0.143053211401
0.0
0.600601368156
0.0
0.205638986114
0.0
0.0
0.0
0.0
0.0
0.0
0.0
0.0
0.0
0.0
0.0
0.0
0.0
0.0
0.0
0.0
0.0
0.0
0.0
0.0
0.0597055898708
0.0
0.194203805327
0.0
0.543320867825
0.0
0.20264745993
0.0
0.0
0.0283420257378
0.0
0.0100204191244
0.0
0.751063682053
0.0
0.210428761913
0.0
0.0
0.0753833603586
0.0
0.133260213211
0.0
0.471146002241
0.0
0.319824461384
0.0
0.0
0.0
0.0
0.0
0.0
0.0
0.0
0.0
0.0
0.0
0.0
0.0
0.0
0.0
0.0
0.0
0.0
0.0
0.0
0.0
0.0
0.0
0.0
0.0
0.0
0.0
0.0
0.0
0.0
0.0
0.0
0.0
0.0
0.0
0.0
0.0
0.0
