0.0
0.0
0.0
0.0
0.0
0.0
0.0
0.0
0.0
0.0
0.0
0.0
0.0
0.993219620723
0.0
0.0
0.0
0.0
0.0
0.0
0.206796664084
0.0
0.584909304013
0.0
0.206796664084
0.0
0.0
0.0
0.0
0.0
0.0
0.0
0.0
0.0
0.0
0.0
0.0
0.0
0.0
0.0
0.0
0.0
0.0
0.0
0.0
0.183158917636
0.0
0.388538730224
0.0
0.356142339848
0.0
0.0719516181457
0.0
0.0
0.0870303621677
0.0
0.407701095876
0.0
0.359000243942
0.0
0.146156899151
0.0
0.0
0.0
0.0
0.0
0.0
0.0
0.0
0.0
0.0
0.0
0.0
0.0
0.0
0.0
0.0
0.0
0.0
0.0
0.0
0.195964753349
0.0
0.308628869605
0.0
0.400836995487
0.0
0.0944781688727
0.0
0.0
0.169393304575
0.0
0.18822435767
0.0
0.556578000748
0.0
0.0855565388016
0.0
0.0
0.0
0.0
0.0
0.0
0.0
0.0
0.0
0.0
0.0
0.0
0.0
0.0
0.0
0.0
0.0
0.0
0.0
0.0
0.0
0.0
0.0
0.0
0.0
0.0
0.0
0.0
0.0
0.0
0.0
0.0
0.0
0.0
0.0
0.0
0.0
0.0
0.0
0.0
0.0
0.0
0.0
0.0
0.0
0.0
0.0
