0.0
0.0
0.0
0.0
0.0
0.0
0.0
0.0
0.0
0.0
0.0
0.0
0.0
0.0
0.0
0.0
0.0
0.0
0.0
0.0
0.0
0.0
0.0
0.0
0.0
0.0
0.0
0.0
0.0
0.0
0.0
0.0
0.0
0.0
0.0
0.0
0.0
0.0
0.0
0.0
0.0
0.0
0.0
0.0
0.0
0.0188800076938
0.0
0.320404304762
0.0
0.500320203885
0.0
0.160202152381
0.0
0.0
0.0720818497054
0.0
0.428144503082
0.0
0.418074728291
0.0
0.0815512952935
0.0
0.0
0.0
0.0
0.0
0.0
0.0
0.0
0.0
0.0
0.0
0.198386959081
0.0
0.350701910074
0.0
0.0991934795406
0.0
0.350701910074
0.0
0.0
0.0122204485407
0.0
0.371570111805
0.0
0.598801978492
0.0
0.0172823237687
0.0
0.0
0.0158436320911
0.0
0.12323451843
0.0
0.815947052692
0.0
0.0448125579941
0.0
0.0
0.0
0.0
0.0
0.0
0.0
0.0
0.0
0.0
0.0
0.0
0.0
0.0
0.0
0.0
0.0
0.0
0.0
0.0
0.0
0.0
0.0
0.0
0.0
0.0
0.0
0.0
0.0
0.0
0.0
0.0
0.0
0.0
0.0
0.0
0.0
0.0
0.0
0.0
0.0
0.0
0.0
0.0
0.0
0.0
0.0
