0.993219620723
0.0
0.0
0.0
0.0
0.0
0.0
0.0
0.0
0.305073807275
0.0
0.369805240951
0.0
0.10895493117
0.0
0.215719741206
0.0
0.0
0.535408318022
0.0
0.0757181691796
0.0
0.160622495407
0.0
0.227154501156
0.0
0.0
0.0
0.0
0.0
0.0
0.0
0.0
0.0
0.0
0.0
0.993219620723
0.0
0.0
0.0
0.0
0.0
0.0
0.0
0.0
0.379011263496
0.0
0.231606231508
0.0
0.0187166056048
0.0
0.37057007037
0.0
0.0
0.585084517279
0.0
0.41371722963
0.0
0.0
0.0
0.0
0.0
0.0
0.0
0.0
0.0
0.0
0.0
0.0
0.0
0.0
0.0
0.0
0.0
0.0
0.0
0.0
0.0
0.0
0.0
0.0
0.528206744426
0.0
0.253567907274
0.0
0.0193837337404
0.0
0.198742369843
0.0
0.0
0.437393788669
0.0
0.0374889828756
0.0
0.0
0.0
0.524845779219
0.0
0.0
0.0
0.0
0.0
0.0
0.0
0.0
0.0
0.0
0.0
0.979931012857
0.0
0.0
0.0
0.0
0.0
0.0
0.0
0.0
0.28625971592
0.0
0.202416177156
0.0
0.477099526534
0.0
0.033736030474
0.0
0.0
0.248987777102
0.0
0.0352121885217
0.0
0.398380443363
0.0
0.316909664045
0.0
0.0
0.0
0.0
0.0
0.0
0.0
0.0
0.0
0.0
0.0
