0.0
0.0
0.0
0.0
0.0
0.0
0.0
0.0
0.0
0.0
0.0
0.0
0.0
0.0
0.0
0.0
0.0
0.0
0.0
0.0
0.0
0.0
0.0
0.0
0.0
0.0
0.0
0.0
0.0
0.0
0.0
0.0
0.0
0.0
0.0
0.0
0.0
0.0
0.0
0.0
0.0
0.0
0.0
0.0
0.0
0.0453316679643
0.0
0.183167561869
0.0
0.569883825837
0.0
0.201484316821
0.0
0.0
0.230297391144
0.0
0.282264354484
0.0
0.291710028783
0.0
0.195413792884
0.0
0.0
0.0
0.0
0.0
0.0
0.0
0.0
0.0
0.0
0.0
0.584909304013
0.0
0.206796664084
0.0
0.0
0.0
0.206796664084
0.0
0.0
0.00924569168774
0.0
0.300733912087
0.0
0.670312647361
0.0
0.0196130729807
0.0
0.0
0.0475419844434
0.0
0.156880517514
0.0
0.64974045406
0.0
0.145674767343
0.0
0.0
0.0
0.0
0.0
0.0
0.0
0.0
0.0
0.0
0.0
0.0
0.0
0.0
0.0
0.0
0.0
0.0
0.0
0.0
0.0
0.0
0.0
0.0
0.0
0.0
0.0
0.0
0.0
0.0
0.0
0.0
0.0
0.0
0.0
0.0
0.0
0.0
0.0
0.0
0.0
0.0
0.0
0.0
0.0
0.0
0.0
