0.0
0.0
0.0
0.0
0.0
0.0
0.0
0.0
0.0
0.445486619476
0.0
0.385008021605
0.0
0.0989970265502
0.0
0.0700014675929
0.0
0.0
0.20016361587
0.0
0.237416972473
0.0
0.251818742546
0.0
0.310468431986
0.0
0.0
0.0
0.0
0.0
0.0
0.0
0.0
0.0
0.0
0.0
0.0
0.0
0.0
0.0
0.0
0.0
0.0
0.0
0.0
0.699492913227
0.0
0.125075338018
0.0
0.0160802968558
0.0
0.159186789659
0.0
0.0
0.512669052226
0.0
0.0
0.0
0.0512669052226
0.0
0.435014096332
0.0
0.0
0.0
0.0
0.0
0.0
0.0
0.0
0.0
0.0
0.0
0.0
0.0
0.0
0.0
0.0
0.0
0.0
0.0
0.0
0.306106443642
0.0
0.0
0.0
0.0
0.0
0.692639744365
0.0
0.0
0.551286767875
0.0
0.0
0.0
0.0
0.0
0.448558569756
0.0
0.0
0.0
0.0
0.0
0.0
0.0
0.0
0.0
0.0
0.0
0.0
0.0
0.0
0.0
0.0
0.0
0.0
0.0
0.0
0.116554102218
0.0
0.103020231146
0.0
0.553631985536
0.0
0.226644491849
0.0
0.0
0.502348843444
0.0
0.228351988562
0.0
0.269115451845
0.0
0.0
0.0
0.0
0.0
0.0
0.0
0.0
0.0
0.0
0.0
0.0
0.0
