0.0
0.0
0.0
0.0
0.0
0.0
0.0
0.0
0.0
0.0
0.0
0.0
0.0
0.0
0.0
0.0
0.0
0.0
0.0
0.0
0.529800235882
0.0
0.468281682347
0.0
0.0
0.0
0.0
0.552009046863
0.0
0.0
0.0
0.184003015621
0.0
0.260219555756
0.0
0.0
0.0
0.0
0.0
0.0
0.0
0.0
0.0
0.0
0.0
0.202418907355
0.0
0.629779954026
0.0
0.14844053206
0.0
0.0190842372775
0.0
0.0
0.0515506897913
0.0
0.619681693023
0.0
0.328635647419
0.0
0.0
0.0
0.0
0.259814014775
0.0
0.734864994202
0.0
0.0
0.0
0.0
0.0
0.0
0.996598277878
0.0
0.0
0.0
0.0
0.0
0.0
0.0
0.0
0.138739337612
0.0
0.243772485581
0.0
0.260661785816
0.0
0.356740288518
0.0
0.0
0.322893964637
0.0
0.0856201881285
0.0
0.191718291503
0.0
0.399560903594
0.0
0.0
0.0
0.0
0.0
0.0
0.0
0.0
0.0
0.0
0.0
0.0
0.0
0.0
0.0
0.0
0.0
0.0
0.0
0.0
0.0
0.0
0.0522210219394
0.0
0.738516787316
0.0
0.20888407015
0.0
0.0
0.0
0.0
0.435014096332
0.0
0.563935957449
0.0
0.0
0.0
0.0
0.0
0.0
0.0
0.0
0.0
0.0
0.0
0.0
0.0
