0.0
0.0
0.0
0.0
0.0
0.0
0.0
0.0
0.0
0.0
0.0
0.0
0.0
0.0
0.0
0.0
0.0
0.0
0.0
0.0
0.0
0.0
0.993219620723
0.0
0.0
0.0
0.0
0.0
0.0
0.0
0.0
0.0
0.0
0.0
0.0
0.0
0.498723268433
0.0
0.0
0.0
0.498723268433
0.0
0.0
0.0
0.0
0.349459694731
0.0
0.15128894412
0.0
0.0855819660567
0.0
0.413523335203
0.0
0.0
0.197865165547
0.0
0.649913287784
0.0
0.13403769279
0.0
0.018053135216
0.0
0.0
0.0
0.0
0.0
0.0
0.0
0.0
0.0
0.0
0.0
0.0
0.0
0.0
0.0
0.0
0.0
0.0
0.0
0.0
0.233389052924
0.0
0.523269271119
0.0
0.170772477749
0.0
0.0724526175295
0.0
0.0
0.100096994333
0.0
0.141558515993
0.0
0.171594847428
0.0
0.58645678704
0.0
0.0
0.0
0.0
0.0
0.0
0.0
0.0
0.0
0.0
0.0
0.0
0.0
0.0
0.0
0.0
0.0
0.0
0.0
0.0
0.0
0.0
0.0
0.0
0.0
0.0
0.0
0.0
0.0
0.0
0.0
0.0
0.0
0.0
0.0
0.0
0.0
0.0
0.0
0.0
0.0
0.0
0.0
0.0
0.0
0.0
0.0
