0.0
0.0
0.0
0.0
0.0
0.0
0.0
0.0
0.0
0.0
0.0
0.0
0.0
0.0
0.0
0.0
0.0
0.0
0.0
0.0
0.0
0.0
0.0
0.0
0.0
0.0
0.0
0.0
0.0
0.0
0.0
0.0
0.0
0.0
0.0
0.0
0.0
0.0
0.0
0.0
0.0
0.0
0.0
0.0
0.0
0.0666019852976
0.0
0.227624470627
0.0
0.627168694886
0.0
0.0784911818013
0.0
0.0
0.054361761814
0.0
0.403615717375
0.0
0.43942424133
0.0
0.102505502074
0.0
0.0
0.0
0.0
0.0
0.0
0.0
0.0
0.0
0.0
0.0
0.359990776838
0.0
0.339402524871
0.0
0.299992314032
0.0
0.0
0.0
0.0
0.0750868552184
0.0
0.491123741603
0.0
0.427056489055
0.0
0.00663680294928
0.0
0.0
0.0890998126794
0.0
0.113405533522
0.0
0.721708482703
0.0
0.0756036946794
0.0
0.0
0.0
0.0
0.0
0.0
0.0
0.0
0.0
0.0
0.0
0.0
0.0
0.0
0.0
0.0
0.0
0.0
0.0
0.0
0.0
0.0
0.0
0.0
0.0
0.0
0.0
0.0
0.0
0.0
0.0
0.0
0.0
0.0
0.0
0.0
0.0
0.0
0.0
0.0
0.0
0.0
0.0
0.0
0.0
0.0
0.0
