0.0
0.0
0.0
0.0
0.0
0.0
0.0
0.0
0.0
0.0
0.0
0.0
0.0
0.0
0.0
0.0
0.0
0.0
0.0
0.0
0.0
0.0
0.0
0.0
0.0
0.0
0.0
0.0
0.0
0.0
0.0
0.0
0.0
0.0
0.0
0.0
0.0
0.0
0.0
0.0
0.0
0.0
0.0
0.0
0.0
0.0735226709749
0.0
0.245088117464
0.0
0.614439464576
0.0
0.0668421938204
0.0
0.0
0.148237135438
0.0
0.358133363088
0.0
0.432358311693
0.0
0.0611446940922
0.0
0.0
0.0
0.0
0.0
0.0
0.0
0.0
0.0
0.0
0.0
0.207816386002
0.0
0.146948360882
0.0
0.571495061507
0.0
0.0734741866345
0.0
0.0
0.0483726001019
0.0
0.228030700532
0.0
0.689309551452
0.0
0.0342045920092
0.0
0.0
0.0828786366668
0.0
0.0879060584429
0.0
0.663029093334
0.0
0.166044765349
0.0
0.0
0.0
0.0
0.0
0.0
0.0
0.0
0.0
0.0
0.0
0.0
0.0
0.0
0.0
0.0
0.0
0.0
0.0
0.0
0.0
0.0
0.0
0.0
0.0
0.0
0.0
0.0
0.0
0.0
0.0
0.0
0.0
0.0
0.0
0.0
0.0
0.0
0.0
0.0
0.0
0.0
0.0
0.0
0.0
0.0
0.0
