0.0
0.0
0.0
0.0
0.0
0.0
0.0
0.0
0.0
0.67883538866
0.0
0.32000606561
0.0
0.0
0.0
0.0
0.0
0.0
0.452819231667
0.0
0.120071825583
0.0
0.226409615833
0.0
0.200119718301
0.0
0.0
0.16010109396
0.0
0.490570385038
0.0
0.16010109396
0.0
0.188680948642
0.0
0.0
0.0
0.0
0.0
0.0
0.0
0.0
0.0
0.0
0.0
0.574294780677
0.0
0.290062614777
0.0
0.0
0.0
0.135362567472
0.0
0.0
0.264733627837
0.0
0.461747823294
0.0
0.198550220878
0.0
0.0748779655796
0.0
0.0
0.188316618028
0.0
0.594098305452
0.0
0.217288405417
0.0
0.0
0.0
0.0
0.234033806912
0.0
0.41371722963
0.0
0.351050710367
0.0
0.0
0.0
0.0
0.325447944697
0.0
0.400220126448
0.0
0.207532022705
0.0
0.0667033094267
0.0
0.0
0.225784791241
0.0
0.580559725947
0.0
0.164207120902
0.0
0.0290279916805
0.0
0.0
0.0
0.0
0.0
0.0
0.0
0.0
0.0
0.0
0.0
0.13778349692
0.0
0.414067412337
0.0
0.447796364991
0.0
0.0
0.0
0.0
0.374142461427
0.0
0.232811596699
0.0
0.329245366056
0.0
0.0634940783144
0.0
0.0
0.0
0.0
0.0
0.0
0.0
0.0
0.0
0.0
0.0
0.0
0.0
0.0
0.0
0.0
0.0
0.0
0.0
0.0
